Data/Test_Data/a1.cnv
* Sea-Bird SBE 25 Data File:
* FileName = C:\wq\Unit#4\A1.hex
* Software Version Seasave V 7.23.2
* Temperature SN = 1180
* Conductivity SN = 1027
* System UpLoad Time = Jul 29 2015 07:47:14
* Real-Time Sample Interval = 0.1250 seconds
* System UTC = Jul 29 2015 14:47:14
# nquan = 20                                
# nvalues = 534                         
# units = specified
# name 0 = depSM: Depth [salt water, m], lat = 33.00
# name 1 = prSM: Pressure, Strain Gauge [db]
# name 2 = t090C: Temperature [ITS-90, deg C]
# name 3 = sal00: Salinity, Practical [PSU]
# name 4 = c0S/m: Conductivity [S/m]
# name 5 = sbeox0V: Oxygen raw, SBE 43 [V]
# name 6 = ph: pH
# name 7 = xmiss: Beam Transmission, Chelsea/Seatech [%]
# name 8 = wetStar: Fluorescence, WET Labs WETstar [mg/m^3]
# name 9 = v4: Voltage 4
# name 10 = bat: Beam Attenuation, Chelsea/Seatech [1/m]
# name 11 = scan: Scan Count
# name 12 = timeS: Time, Elapsed [seconds]
# name 13 = sal00: Salinity, Practical [PSU]
# name 14 = sigma-t00: Density [sigma-t, kg/m^3 ]
# name 15 = sbeox0Mg/L: Oxygen, SBE 43 [mg/l], WS = 2
# name 16 = sbeox0PS: Oxygen, SBE 43 [% saturation], WS = 2
# name 17 = oxsatMg/L: Oxygen Saturation, Weiss [mg/l]
# name 18 = dz/dtM: Descent Rate [m/s], WS = 2
# name 19 = flag: flag
# span 0 =      1.144,     18.221       
# span 1 =      1.152,     18.351       
# span 2 =    17.2504,    20.8349       
# span 3 =    33.1557,    33.5821       
# span 4 =   4.336980,   4.671915       
# span 5 =     2.7668,     2.9048       
# span 6 =      8.120,      8.174       
# span 7 =    80.6490,    89.9746       
# span 8 =     0.6591,     1.6556       
# span 9 =     0.0928,     0.1575       
# span 10 =     0.4226,     0.8603      
# span 11 =          1,        534      
# span 12 =      0.000,     66.625      
# span 13 =    33.2218,    33.4688      
# span 14 =    23.2860,    24.2753      
# span 15 =     7.7458,     8.4014      
# span 16 =    103.739,    110.806      
# span 17 =    7.33975,    7.84783      
# span 18 =     -0.868,      0.744      
# span 19 = 0.0000e+00, 0.0000e+00      
# interval = seconds: 0.125
# start_time = Jul 29 2015 14:47:14 [System UTC, header]
# bad_flag = -9.990e-29
*END*
[from data line 290]
     13.633     13.730    20.0628    33.3503   4.594768     2.8559      8.165    88.8302     1.0915     0.1209     0.4738        291     36.250    33.3363    23.4768     8.1026    108.615    7.44569      0.526 0.0000e+00
     13.697     13.795    20.0527    33.3476   4.595062     2.8559      8.165    88.8302     1.0727     0.1197     0.4738        292     36.375    33.3466    23.4873     8.0977    108.535    7.44663      0.513 0.0000e+00
     13.759     13.858    20.0635    33.3514   4.595340     2.8559      8.165    88.8302     1.0539     0.1184     0.4738        293     36.500    33.3403    23.4797     8.0914    108.468    7.44542      0.502 0.0000e+00
     13.820     13.919    20.0671    33.3499   4.594900     2.8559      8.165    88.8058     1.0539     0.1184     0.4749        294     36.625    33.3339    23.4738     8.0840    108.373    7.44520      0.491 0.0000e+00
     13.879     13.979    20.0604    33.3433   4.594725     2.8523      8.165    88.8058     1.0915     0.1209     0.4749        295     36.750    33.3378    23.4785     8.0660    108.120    7.44596      0.482 0.0000e+00
     13.936     14.036    20.0599    33.3354   4.595542     2.8571      8.165    88.8058     1.1103     0.1221     0.4749        296     36.875    33.3448    23.4840     8.0760    108.257    7.44572      0.476 0.0000e+00
     13.991     14.091    20.0713    33.3305   4.597228     2.8559      8.165    88.8058     1.0351     0.1172     0.4749        297     37.000    33.3494    23.4846     8.0632    108.112    7.44394      0.471 0.0000e+00
     14.045     14.146    20.0939    33.3331   4.599046     2.8559      8.165    88.8058     1.0163     0.1160     0.4749        298     37.125    33.3463    23.4762     8.0540    108.032    7.44096      0.469 0.0000e+00
     14.100     14.200    20.1168    33.3429   4.599984     2.8547      8.165    88.8058     1.0727     0.1197     0.4749        299     37.250    33.3358    23.4622     8.0419    107.908    7.43827      0.469 0.0000e+00
     14.155     14.257    20.1253    33.3534   4.599482     2.8547      8.151    88.7084     1.0163     0.1160     0.4793        300     37.375    33.3249    23.4518     8.0379    107.864    7.43757      0.471 0.0000e+00
     14.212     14.314    20.1131    33.3553   4.597944     2.8535      8.165    88.7084     1.0539     0.1184     0.4793        301     37.500    33.3221    23.4528     8.0334    107.777    7.43938      0.474 0.0000e+00
     14.271     14.372    20.0896    33.3498   4.596612     2.8498      8.165    88.6841     1.0727     0.1197     0.4804        302     37.625    33.3298    23.4648     8.0239    107.609    7.44228      0.479 0.0000e+00
     14.331     14.433    20.0755    33.3475   4.596212     2.8498      8.165    88.7084     1.0539     0.1184     0.4793        303     37.750    33.3377    23.4745     8.0276    107.636    7.44388      0.485 0.0000e+00
     14.392     14.495    20.0749    33.3501   4.596121     2.8474      8.165    88.6841     1.0915     0.1209     0.4804        304     37.875    33.3374    23.4745     8.0219    107.558    7.44397      0.491 0.0000e+00
     14.456     14.559    20.0741    33.3563   4.595581     2.8449      8.165    88.6841     1.0915     0.1209     0.4804        305     38.000    33.3337    23.4718     8.0204    107.534    7.44425      0.497 0.0000e+00
     14.520     14.623    20.0673    33.3651   4.594206     2.8437      8.165    88.6841     1.0915     0.1209     0.4804        306     38.125    33.3279    23.4692     8.0257    107.587    7.44544      0.503 0.0000e+00
     14.584     14.688    20.0495    33.3661   4.591817     2.8425      8.155    88.4649     1.0163     0.1160     0.4903        307     38.250    33.3225    23.4698     8.0342    107.663    7.44813      0.507 0.0000e+00
     14.648     14.753    20.0195    33.3555   4.589352     2.8425      8.165    88.4406     1.0351     0.1172     0.4914        308     38.375    33.3262    23.4804     8.0482    107.793    7.45212      0.511 0.0000e+00
     14.713     14.817    19.9973    33.3439   4.588072     2.8425      8.165    88.4406     1.0163     0.1160     0.4914        309     38.500    33.3333    23.4917     8.0599    107.910    7.45487      0.513 0.0000e+00
     14.777     14.882    19.9938    33.3367   4.588041     2.8449      8.165    88.4406     1.0727     0.1197     0.4914        310     38.625    33.3358    23.4945     8.0765    108.127    7.45525      0.514 0.0000e+00
     14.841     14.947    19.9998    33.3339   4.588612     2.8462      8.165    88.4406     1.0539     0.1184     0.4914        311     38.750    33.3357    23.4928     8.0843    108.244    7.45442      0.514 0.0000e+00
     14.906     15.012    20.0103    33.3355   4.589096     2.8498      8.165    88.4406     1.0351     0.1172     0.4914        312     38.875    33.3313    23.4867     8.0993    108.463    7.45316      0.514 0.0000e+00
     14.970     15.077    20.0181    33.3374   4.589166     2.8510      8.165    88.4406     1.0727     0.1197     0.4914        313     39.000    33.3257    23.4804     8.1043    108.542    7.45233      0.512 0.0000e+00
     15.034     15.141    20.0166    33.3386   4.589185     2.8535      8.165    88.6841     1.0727     0.1197     0.4804        314     39.125    33.3270    23.4818     8.1094    108.608    7.45248      0.510 0.0000e+00
     15.097     15.205    20.0140    33.3489   4.589307     2.8559      8.165    88.6841     1.0727     0.1197     0.4804        315     39.250    33.3300    23.4848     8.1168    108.704    7.45271      0.509 0.0000e+00
     15.160     15.268    20.0133    33.3712   4.588165     2.8571      8.165    88.6841     1.1291     0.1233     0.4804        316     39.375    33.3213    23.4783     8.1186    108.720    7.45319      0.507 0.0000e+00
     15.223     15.331    19.9940    33.3816   4.584356     2.8559      8.165    88.6841     1.0539     0.1184     0.4804        317     39.500    33.3056    23.4713     8.1156    108.632    7.45655      0.505 0.0000e+00
     15.285     15.394    19.9402    33.3632   4.579700     2.8559      8.170    88.6841     1.0727     0.1197     0.4804        318     39.625    33.3102    23.4889     8.1197    108.582    7.46380      0.504 0.0000e+00
     15.347     15.457    19.8899    33.3383   4.577577     2.8547      8.166    88.6841     1.1291     0.1233     0.4804        319     39.750    33.3328    23.5192     8.1187    108.483    7.46978      0.503 0.0000e+00
     15.409     15.519    19.8858    33.3278   4.578459     2.8547      8.170    88.6110     1.1479     0.1245     0.4837        320     39.875    33.3432    23.5282     8.1145    108.426    7.46989      0.502 0.0000e+00
     15.470     15.580    19.9074    33.3261   4.580632     2.8547      8.165    88.5623     1.1291     0.1233     0.4859        321     40.000    33.3438    23.5230     8.1073    108.372    7.46687      0.502 0.0000e+00
     15.531     15.642    19.9300    33.3299   4.582938     2.8498      8.170    88.5623     1.1479     0.1245     0.4859        322     40.125    33.3446    23.5178     8.0818    108.077    7.46370      0.502 0.0000e+00
     15.593     15.705    19.9539    33.3399   4.584605     2.8559      8.165    88.5623     1.1291     0.1233     0.4859        323     40.250    33.3392    23.5074     8.0939    108.283    7.46062      0.503 0.0000e+00
     15.656     15.767    19.9675    33.3527   4.584943     2.8559      8.170    88.5623     1.1103     0.1221     0.4859        324     40.375    33.3312    23.4978     8.0871    108.214    7.45909      0.504 0.0000e+00
     15.718     15.830    19.9639    33.3640   4.583680     2.8584      8.170    88.5623     1.1479     0.1245     0.4859        325     40.500    33.3237    23.4930     8.0922    108.271    7.45992      0.505 0.0000e+00
     15.781     15.893    19.9438    33.3733   4.581091     2.8584      8.165    88.5867     1.1103     0.1221     0.4848        326     40.625    33.3185    23.4943     8.0912    108.213    7.46293      0.506 0.0000e+00
     15.844     15.957    19.9118    33.3881   4.577046     2.8584      8.152    88.4893     1.0727     0.1197     0.4892        327     40.750    33.3109    23.4969     8.0921    108.156    7.46771      0.506 0.0000e+00
     15.907     16.021    19.8703    33.3977   4.571107     2.8571      8.170    88.5867     1.0915     0.1209     0.4848        328     40.875    33.2954    23.4958     8.0911    108.051    7.47416      0.505 0.0000e+00
     15.971     16.085    19.7996    33.3869   4.565536     2.8547      8.166    88.5867     1.1291     0.1233     0.4848        329     41.000    33.3060    23.5222     8.0893    107.893    7.48353      0.504 0.0000e+00
     16.035     16.150    19.7274    33.3699   4.563203     2.8523      8.171    88.5867     1.1479     0.1245     0.4848        330     41.125    33.3443    23.5701     8.0880    107.757    7.49190      0.502 0.0000e+00
     16.099     16.214    19.7071    33.3604   4.563179     2.8486      8.166    88.5867     1.1668     0.1258     0.4848        331     41.250    33.3602    23.5875     8.0738    107.537    7.49403      0.499 0.0000e+00
     16.163     16.278    19.7208    33.3541   4.563098     2.8462      8.166    88.5867     1.2044     0.1282     0.4848        332     41.375    33.3486    23.5752     8.0667    107.463    7.49263      0.494 0.0000e+00
     16.225     16.341    19.7319    33.3491   4.562538     2.8449      8.166    88.5867     1.1291     0.1233     0.4848        333     41.500    33.3352    23.5620     8.0653    107.457    7.49168      0.489 0.0000e+00
     16.286     16.402    19.7347    33.3480   4.561927     2.8449      8.171    88.5867     1.2044     0.1282     0.4848        334     41.625    33.3279    23.5558     8.0733    107.564    7.49161      0.483 0.0000e+00
     16.345     16.462    19.7325    33.3485   4.560830     2.8437      8.171    88.5867     1.1856     0.1270     0.4848        335     41.750    33.3207    23.5508     8.0806    107.653    7.49224      0.476 0.0000e+00
     16.404     16.521    19.7250    33.3497   4.559095     2.8449      8.166    88.5867     1.2232     0.1294     0.4848        336     41.875    33.3124    23.5465     8.0990    107.878    7.49365      0.470 0.0000e+00
     16.462     16.580    19.7098    33.3539   4.557440     2.8437      8.166    88.5867     1.2796     0.1331     0.4848        337     42.000    33.3110    23.5493     8.1097    107.989    7.49584      0.463 0.0000e+00
     16.519     16.637    19.6878    33.3601   4.556043     2.8449      8.166    88.5867     1.2608     0.1319     0.4848        338     42.125    33.3170    23.5596     8.1282    108.196    7.49865      0.457 0.0000e+00
     16.574     16.692    19.6658    33.3695   4.554454     2.8462      8.166    88.5867     1.2984     0.1343     0.4848        339     42.250    33.3215    23.5687     8.1482    108.420    7.50153      0.452 0.0000e+00
     16.628     16.746    19.6445    33.3813   4.552199     2.8486      8.171    88.5867     1.2796     0.1331     0.4848        340     42.375    33.3199    23.5730     8.1684    108.645    7.50458      0.447 0.0000e+00
     16.681     16.800    19.6129    33.3839   4.549045     2.8498      8.167    88.3432     1.2608     0.1319     0.4958        341     42.500    33.3192    23.5806     8.1812    108.752    7.50904      0.442 0.0000e+00
     16.735     16.854    19.5715    33.3720   4.545760     2.8523      8.171    88.3432     1.2420     0.1306     0.4958        342     42.625    33.3252    23.5959     8.2022    108.952    7.51458      0.438 0.0000e+00
     16.788     16.908    19.5411    33.3569   4.543561     2.8559      8.167    88.3432     1.2608     0.1319     0.4958        343     42.750    33.3314    23.6084     8.2209    109.142    7.51858      0.435 0.0000e+00
     16.842     16.963    19.5322    33.3495   4.542531     2.8584      8.167    88.3432     1.2420     0.1306     0.4958        344     42.875    33.3300    23.6096     8.2333    109.288    7.51989      0.432 0.0000e+00
     16.897     17.017    19.5333    33.3492   4.541763     2.8596      8.167    88.3432     1.2420     0.1306     0.4958        345     43.000    33.3228    23.6038     8.2377    109.344    7.52006      0.430 0.0000e+00
     16.951     17.072    19.5304    33.3546   4.540565     2.8608      8.167    88.3432     1.3172     0.1355     0.4958        346     43.125    33.3153    23.5988     8.2398    109.361    7.52080      0.428 0.0000e+00
     17.004     17.125    19.5189    33.3627   4.538764     2.8657      8.158    88.2458     1.2608     0.1319     0.5002        347     43.250    33.3096    23.5975     8.2547    109.531    7.52267      0.425 0.0000e+00
     17.056     17.178    19.4944    33.3635   4.536676     2.8657      8.167    88.0754     1.2796     0.1331     0.5079        348     43.375    33.3120    23.6056     8.2537    109.470    7.52601      0.423 0.0000e+00
     17.108     17.230    19.4631    33.3581   4.535159     2.8633      8.167    88.0754     1.3172     0.1355     0.5079        349     43.500    33.3245    23.6231     8.2445    109.293    7.52987      0.419 0.0000e+00
     17.160     17.282    19.4475    33.3576   4.534558     2.8706      8.167    88.0754     1.2984     0.1343     0.5079        350     43.625    33.3320    23.6328     8.2668    109.562    7.53173      0.415 0.0000e+00
     17.212     17.335    19.4445    33.3650   4.533867     2.8669      8.167    88.0754     1.3172     0.1355     0.5079        351     43.750    33.3287    23.6311     8.2500    109.331    7.53230      0.409 0.0000e+00
     17.265     17.388    19.4377    33.3829   4.531529     2.8718      8.167    88.0997     1.3172     0.1355     0.5068        352     43.875    33.3148    23.6223     8.2669    109.532    7.53388      0.403 0.0000e+00
     17.316     17.440    19.4145    33.4072   4.526401     2.8706      8.167    88.0754     1.2796     0.1331     0.5079        353     44.000    33.2911    23.6101     8.2672    109.473    7.53821      0.396 0.0000e+00
     17.366     17.490    19.3524    33.4200   4.518661     2.8706      8.149    87.8806     1.3172     0.1355     0.5168        354     44.125    33.2769    23.6152     8.2772    109.470    7.54763      0.387 0.0000e+00
     17.414     17.539    19.2560    33.4112   4.510465     2.8706      8.168    87.8075     1.3360     0.1368     0.5201        355     44.250    33.2863    23.6469     8.2905    109.456    7.56088      0.377 0.0000e+00
     17.461     17.586    19.1644    33.3892   4.504524     2.8718      8.168    87.8075     1.4300     0.1429     0.5201        356     44.375    33.3105    23.6887     8.3087    109.526    7.57282      0.366 0.0000e+00
     17.507     17.632    19.1089    33.3711   4.501619     2.8718      8.164    87.8075     1.3924     0.1404     0.5201        357     44.500    33.3309    23.7184     8.3152    109.511    7.57982      0.352 0.0000e+00
     17.551     17.677    19.0948    33.3674   4.500231     2.8730      8.164    87.8075     1.3736     0.1392     0.5201        358     44.625    33.3307    23.7218     8.3176    109.513    7.58184      0.336 0.0000e+00
     17.594     17.720    19.0947    33.3760   4.498041     2.8742      8.164    87.8075     1.3736     0.1392     0.5201        359     44.750    33.3126    23.7080     8.3228    109.570    7.58267      0.318 0.0000e+00
     17.635     17.761    19.0785    33.3892   4.494001     2.8767      8.164    87.8075     1.3736     0.1392     0.5201        360     44.875    33.2921    23.6964     8.3318    109.642    7.58591      0.297 0.0000e+00
     17.673     17.800    19.0329    33.3953   4.489309     2.8791      8.164    87.7101     1.3736     0.1392     0.5245        361     45.000    33.2898    23.7062     8.3451    109.722    7.59254      0.275 0.0000e+00
