Data/Test_Data/a1.cnv
* Sea-Bird SBE 25 Data File:
* FileName = C:\wq\Unit#4\A1.hex
* Software Version Seasave V 7.23.2
* Temperature SN = 1180
* Conductivity SN = 1027
* System UpLoad Time = Jul 29 2015 07:47:14
* Real-Time Sample Interval = 0.1250 seconds
* System UTC = Jul 29 2015 14:47:14
# nquan = 20                                
# nvalues = 534                         
# units = specified
# name 0 = depSM: Depth [salt water, m], lat = 33.00
# name 1 = prSM: Pressure, Strain Gauge [db]
# name 2 = t090C: Temperature [ITS-90, deg C]
# name 3 = sal00: Salinity, Practical [PSU]
# name 4 = c0S/m: Conductivity [S/m]
# name 5 = sbeox0V: Oxygen raw, SBE 43 [V]
# name 6 = ph: pH
# name 7 = xmiss: Beam Transmission, Chelsea/Seatech [%]
# name 8 = wetStar: Fluorescence, WET Labs WETstar [mg/m^3]
# name 9 = v4: Voltage 4
# name 10 = bat: Beam Attenuation, Chelsea/Seatech [1/m]
# name 11 = scan: Scan Count
# name 12 = timeS: Time, Elapsed [seconds]
# name 13 = sal00: Salinity, Practical [PSU]
# name 14 = sigma-t00: Density [sigma-t, kg/m^3 ]
# name 15 = sbeox0Mg/L: Oxygen, SBE 43 [mg/l], WS = 2
# name 16 = sbeox0PS: Oxygen, SBE 43 [% saturation], WS = 2
# name 17 = oxsatMg/L: Oxygen Saturation, Weiss [mg/l]
# name 18 = dz/dtM: Descent Rate [m/s], WS = 2
# name 19 = flag: flag
# span 0 =      1.144,     18.221       
# span 1 =      1.152,     18.351       
# span 2 =    17.2504,    20.8349       
# span 3 =    33.1557,    33.5821       
# span 4 =   4.336980,   4.671915       
# span 5 =     2.7668,     2.9048       
# span 6 =      8.120,      8.174       
# span 7 =    80.6490,    89.9746       
# span 8 =     0.6591,     1.6556       
# span 9 =     0.0928,     0.1575       
# span 10 =     0.4226,     0.8603      
# span 11 =          1,        534      
# span 12 =      0.000,     66.625      
# span 13 =    33.2218,    33.4688      
# span 14 =    23.2860,    24.2753      
# span 15 =     7.7458,     8.4014      
# span 16 =    103.739,    110.806      
# span 17 =    7.33975,    7.84783      
# span 18 =     -0.868,      0.744      
# span 19 = 0.0000e+00, 0.0000e+00      
# interval = seconds: 0.125
# start_time = Jul 29 2015 14:47:14 [System UTC, header]
# bad_flag = -9.990e-29
*END*
[from data line 435]
     17.298     17.421    18.3108    33.3688   4.421268     2.8034      8.144    86.9066     1.3924     0.1404     0.5613        436     54.375    33.3036    23.8970     8.2784    107.388    7.69661     -0.666 0.0000e+00
     17.209     17.332    18.2772    33.3611   4.417592     2.8071      8.148    86.9066     1.4112     0.1416     0.5613        437     54.500    33.2999    23.9025     8.2972    107.561    7.70172     -0.671 0.0000e+00
     17.122     17.244    18.2382    33.3437   4.414936     2.8107      8.144    86.9066     1.4864     0.1465     0.5613        438     54.625    33.3092    23.9192     8.3157    107.728    7.70703     -0.670 0.0000e+00
     17.035     17.156    18.2182    33.3309   4.414268     2.8132      8.149    86.9310     1.4864     0.1465     0.5602        439     54.750    33.3199    23.9323     8.3278    107.851    7.70948     -0.666 0.0000e+00
     16.949     17.070    18.2234    33.3290   4.414898     2.8156      8.149    86.9066     1.4488     0.1441     0.5613        440     54.875    33.3210    23.9318     8.3356    107.964    7.70866     -0.657 0.0000e+00
     16.866     16.986    18.2352    33.3324   4.415621     2.8193      8.149    86.9066     1.4300     0.1429     0.5613        441     55.000    33.3175    23.9263     8.3479    108.144    7.70708     -0.647 0.0000e+00
     16.785     16.904    18.2413    33.3327   4.415874     2.8217      8.144    86.7118     1.6556     0.1575     0.5703        442     55.125    33.3147    23.9227     8.3543    108.237    7.70632     -0.635 0.0000e+00
     16.707     16.826    18.2415    33.3250   4.415970     2.8217      8.149    86.7362     1.4864     0.1465     0.5692        443     55.250    33.3154    23.9231     8.3545    108.241    7.70625     -0.623 0.0000e+00
     16.633     16.752    18.2441    33.3062   4.416714     2.8291      8.149    86.7118     1.5616     0.1514     0.5703        444     55.375    33.3196    23.9257     8.3797    108.576    7.70568     -0.612 0.0000e+00
     16.561     16.680    18.2593    33.2862   4.419058     2.8315      8.149    86.7118     1.5240     0.1490     0.5703        445     55.500    33.3271    23.9277     8.3846    108.675    7.70310     -0.604 0.0000e+00
     16.491     16.609    18.2998    33.2835   4.422969     2.8352      8.149    86.7118     1.4488     0.1441     0.5703        446     55.625    33.3272    23.9178     8.3913    108.845    7.69714     -0.598 0.0000e+00
     16.422     16.539    18.3529    33.2802   4.426929     2.8388      8.153    86.7118     1.4488     0.1441     0.5703        447     55.750    33.3175    23.8972     8.3960    109.009    7.68979     -0.595 0.0000e+00
     16.353     16.470    18.3875    33.2440   4.431403     2.8425      8.139    86.6388     1.4300     0.1429     0.5737        448     55.875    33.3271    23.8960     8.4005    109.145    7.68428     -0.595 0.0000e+00
     16.283     16.400    18.4358    33.1971   4.438956     2.8462      8.158    85.8840     1.4864     0.1465     0.6087        449     56.000    33.3514    23.9027     8.4014    109.273    7.67610     -0.598 0.0000e+00
     16.213     16.329    18.5529    33.1901   4.449328     2.8462      8.157    85.8840     1.4488     0.1441     0.6087        450     56.125    33.3436    23.8677     8.3800    109.229    7.65938     -0.605 0.0000e+00
     16.140     16.255    18.6990    33.2227   4.459296     2.8510      8.156    85.8840     1.4112     0.1416     0.6087        451     56.250    33.3090    23.8048     8.3677    109.346    7.63974     -0.613 0.0000e+00
     16.064     16.179    18.7872    33.2485   4.466870     2.8535      8.160    85.8840     1.3736     0.1392     0.6087        452     56.375    33.3012    23.7768     8.3542    109.345    7.62734     -0.624 0.0000e+00
     15.985     16.100    18.8229    33.2518   4.472917     2.8559      8.165    85.8840     1.4864     0.1465     0.6087        453     56.500    33.3229    23.7844     8.3499    109.377    7.62121     -0.635 0.0000e+00
     15.904     16.018    18.8704    33.2559   4.478720     2.8596      8.165    85.8840     1.5052     0.1477     0.6087        454     56.625    33.3330    23.7802     8.3475    109.449    7.61391     -0.645 0.0000e+00
     15.822     15.935    18.9341    33.2822   4.483888     2.8620      8.165    86.4927     1.4488     0.1441     0.5804        455     56.750    33.3248    23.7578     8.3386    109.458    7.60512     -0.654 0.0000e+00
     15.737     15.850    18.9803    33.3226   4.486149     2.8620      8.169    86.5657     1.4300     0.1429     0.5771        456     56.875    33.3064    23.7322     8.3245    109.355    7.59932     -0.662 0.0000e+00
     15.650     15.762    18.9799    33.3327   4.484422     2.8645      8.169    86.5657     1.4300     0.1429     0.5771        457     57.000    33.2925    23.7216     8.3276    109.386    7.60001     -0.666 0.0000e+00
     15.563     15.674    18.9326    33.2971   4.482972     2.8669      8.169    86.5657     1.4300     0.1429     0.5771        458     57.125    33.3184    23.7534     8.3379    109.441    7.60562     -0.668 0.0000e+00
     15.476     15.587    18.9138    33.2618   4.486613     2.8633      8.174    86.5901     1.3548     0.1380     0.5759        459     57.250    33.3639    23.7929     8.3160    109.145    7.60626     -0.667 0.0000e+00
     15.390     15.500    18.9788    33.2613   4.493851     2.8669      8.169    86.5657     1.3736     0.1392     0.5771        460     57.375    33.3718    23.7825     8.3128    109.240    7.59658     -0.663 0.0000e+00
     15.305     15.414    19.0728    33.2786   4.500370     2.8681      8.173    86.5901     1.4112     0.1416     0.5759        461     57.500    33.3503    23.7423     8.3008    109.260    7.58410     -0.656 0.0000e+00
     15.222     15.331    19.1319    33.2863   4.505043     2.8681      8.173    86.3710     1.3548     0.1380     0.5861        462     57.625    33.3416    23.7207     8.2871    109.194    7.57605     -0.648 0.0000e+00
     15.141     15.250    19.1626    33.2862   4.509406     2.8681      8.173    86.3710     1.3924     0.1404     0.5861        463     57.750    33.3532    23.7217     8.2833    109.214    7.57116     -0.640 0.0000e+00
     15.064     15.171    19.2031    33.2932   4.513608     2.8681      8.173    86.3710     1.3172     0.1355     0.5861        464     57.875    33.3555    23.7132     8.2803    109.259    7.56529     -0.631 0.0000e+00
     14.988     15.095    19.2496    33.3036   4.516149     2.8694      8.173    86.3710     1.3736     0.1392     0.5861        465     58.000    33.3392    23.6890     8.2795    109.333    7.55941     -0.622 0.0000e+00
     14.915     15.021    19.2739    33.2941   4.516738     2.8718      8.173    86.3710     1.3736     0.1392     0.5861        466     58.125    33.3247    23.6716     8.2873    109.475    7.55662     -0.616 0.0000e+00
     14.842     14.948    19.2771    33.2571   4.517897     2.8669      8.173    86.3710     1.4112     0.1416     0.5861        467     58.250    33.3317    23.6762     8.2728    109.295    7.55585     -0.611 0.0000e+00
     14.770     14.875    19.3040    33.2328   4.522702     2.8706      8.173    86.2979     1.3924     0.1404     0.5895        468     58.375    33.3498    23.6832     8.2821    109.484    7.55122     -0.609 0.0000e+00
     14.697     14.802    19.3837    33.2455   4.529782     2.8742      8.172    86.9310     1.3736     0.1392     0.5602        469     58.500    33.3445    23.6587     8.2866    109.702    7.54018     -0.610 0.0000e+00
     14.624     14.729    19.4627    33.2683   4.535230     2.8706      8.172    86.9310     1.3924     0.1404     0.5602        470     58.625    33.3262    23.6246     8.2674    109.597    7.52984     -0.615 0.0000e+00
     14.551     14.655    19.5004    33.2903   4.537965     2.8779      8.172    86.9310     1.3924     0.1404     0.5602        471     58.750    33.3187    23.6091     8.2921    109.996    7.52487     -0.624 0.0000e+00
     14.477     14.580    19.5167    33.3227   4.538194     2.8804      8.172    86.9310     1.3548     0.1380     0.5602        472     58.875    33.3076    23.5965     8.3024    110.159    7.52307     -0.636 0.0000e+00
     14.401     14.503    19.5048    33.3495   4.535417     2.8791      8.171    86.9310     1.2984     0.1343     0.5602        473     59.000    33.2943    23.5894     8.3034    110.140    7.52534     -0.651 0.0000e+00
     14.322     14.424    19.4485    33.3511   4.530699     2.8804      8.172    86.9310     1.3172     0.1355     0.5602        474     59.125    33.3004    23.6085     8.3183    110.226    7.53300     -0.669 0.0000e+00
     14.240     14.341    19.3838    33.3244   4.526623     2.8816      8.154    86.8336     1.2608     0.1319     0.5647        475     59.250    33.3185    23.6389     8.3332    110.302    7.54132     -0.689 0.0000e+00
     14.154     14.255    19.3471    33.2839   4.525443     2.8840      8.172    86.9310     1.3548     0.1380     0.5602        476     59.375    33.3382    23.6633     8.3472    110.425    7.54564     -0.710 0.0000e+00
     14.066     14.166    19.3625    33.2627   4.527900     2.8865      8.173    86.9310     1.3736     0.1392     0.5602        477     59.500    33.3461    23.6654     8.3521    110.527    7.54310     -0.732 0.0000e+00
     13.973     14.073    19.4194    33.2643   4.532379     2.8889      8.172    86.9310     1.3172     0.1355     0.5602        478     59.625    33.3376    23.6443     8.3521    110.638    7.53544     -0.754 0.0000e+00
     13.877     13.976    19.4677    33.2689   4.537242     2.8913      8.172    86.9310     1.3172     0.1355     0.5602        479     59.750    33.3391    23.6331     8.3505    110.717    7.52857     -0.775 0.0000e+00
     13.778     13.876    19.5058    33.2688   4.542396     2.8926      8.172    86.9310     1.2420     0.1306     0.5602        480     59.875    33.3511    23.6325     8.3463    110.747    7.52267     -0.796 0.0000e+00
     13.674     13.772    19.5516    33.2639   4.547928     2.8950      8.172    86.9310     1.3172     0.1355     0.5602        481     60.000    33.3600    23.6275     8.3432    110.806    7.51583     -0.814 0.0000e+00
     13.569     13.665    19.6080    33.2567   4.553806     2.8950      8.171    87.1745     1.2796     0.1331     0.5490        482     60.125    33.3633    23.6155     8.3263    110.700    7.50777     -0.831 0.0000e+00
     13.462     13.557    19.6732    33.2550   4.560073     2.8950      8.171    87.1988     1.3172     0.1355     0.5479        483     60.250    33.3627    23.5982     8.3064    110.568    7.49866     -0.844 0.0000e+00
     13.353     13.448    19.7427    33.2648   4.566096     2.9023      8.171    87.1988     1.2232     0.1294     0.5479        484     60.375    33.3567    23.5757     8.3121    110.782    7.48922     -0.855 0.0000e+00
     13.244     13.338    19.8039    33.2734   4.570787     2.8999      8.170    87.1988     1.2420     0.1306     0.5479        485     60.500    33.3464    23.5519     8.2910    110.619    7.48114     -0.863 0.0000e+00
     13.134     13.227    19.8422    33.2739   4.574423     2.9011      8.170    87.1745     1.2044     0.1282     0.5490        486     60.625    33.3457    23.5415     8.2827    110.586    7.47584     -0.867 0.0000e+00
     13.023     13.116    19.8758    33.2765   4.577916     2.9048      8.170    87.1988     1.1668     0.1258     0.5479        487     60.750    33.3476    23.5341     8.2830    110.659    7.47109     -0.868 0.0000e+00
     12.912     13.004    19.9131    33.2796   4.581156     2.9011      8.165    87.1988     1.1856     0.1270     0.5479        488     60.875    33.3444    23.5220     8.2562    110.375    7.46605     -0.866 0.0000e+00
     12.803     12.894    19.9412    33.2750   4.584279     2.8987      8.170    85.5431     1.1668     0.1258     0.6246        489     61.000    33.3476    23.5171     8.2298    110.081    7.46201     -0.862 0.0000e+00
     12.694     12.784    19.9699    33.2708   4.588133     2.8962      8.170    85.5431     1.1479     0.1245     0.6246        490     61.125    33.3563    23.5163     8.2061    109.827    7.45766     -0.856 0.0000e+00
     12.587     12.676    20.0132    33.2769   4.592590     2.8938      8.165    85.5431     1.1291     0.1233     0.6246        491     61.250    33.3582    23.5065     8.1819    109.593    7.45158     -0.848 0.0000e+00
     12.480     12.569    20.0585    33.2874   4.596470     2.8950      8.169    85.5431     1.1103     0.1221     0.6246        492     61.375    33.3539    23.4913     8.1705    109.528    7.44551     -0.840 0.0000e+00
     12.377     12.465    20.0899    33.2945   4.599213     2.9023      8.169    85.5675     1.1103     0.1221     0.6235        493     61.500    33.3514    23.4812     8.1854    109.789    7.44129     -0.831 0.0000e+00
     12.275     12.362    20.1112    33.2987   4.601188     2.8974      8.165    85.5431     1.0915     0.1209     0.6246        494     61.625    33.3506    23.4750     8.1598    109.488    7.43839     -0.821 0.0000e+00
     12.175     12.262    20.1279    33.3021   4.602769     2.8950      8.155    85.4701 -9.990e-29 -9.990e-29     0.6280        495     61.750    33.3502    23.4704     8.1432    109.298    7.43611     -0.812 0.0000e+00
     12.077     12.163    20.1412    33.3028   4.604094     2.8913      8.169    84.4231 -9.990e-29 -9.990e-29     0.6773        496     61.875    33.3505    23.4671     8.1309    109.160    7.43426     -0.804 0.0000e+00
     11.979     12.064    20.1524    33.3015   4.605464     2.8816      8.164    84.4231 -9.990e-29 -9.990e-29     0.6773        497     62.000    33.3528    23.4659     8.0897    108.631    7.43262     -0.796 0.0000e+00
     11.881     11.966    20.1664    33.3058   4.607024     2.8828      8.169    84.4231 -9.990e-29 -9.990e-29     0.6773        498     62.125    33.3544    23.4634     8.0923    108.695    7.43063     -0.789 0.0000e+00
     11.785     11.869    20.1836    33.3164   4.608107     2.8828      8.169    84.4231 -9.990e-29 -9.990e-29     0.6773        499     62.250    33.3496    23.4553     8.0804    108.565    7.42847     -0.782 0.0000e+00
     11.690     11.773    20.1900    33.3276   4.608068     2.8816      8.169    84.4231 -9.990e-29 -9.990e-29     0.6773        500     62.375    33.3443    23.4495     8.0680    108.409    7.42783     -0.776 0.0000e+00
     11.594     11.677    20.1818    33.3385   4.606777     2.8767      8.169    84.4231 -9.990e-29 -9.990e-29     0.6773        501     62.500    33.3403    23.4487     8.0496    108.143    7.42912     -0.771 0.0000e+00
     11.498     11.580    20.1636    33.3412   4.604249     2.8767      8.146    84.6666 -9.990e-29 -9.990e-29     0.6658        502     62.625    33.3342    23.4488     8.0518    108.132    7.43189     -0.766 0.0000e+00
     11.403     11.484    20.1324    33.3288   4.601722 -9.990e-29      8.165    84.8613 -9.990e-29 -9.990e-29     0.6566        503     62.750    33.3384    23.4602 -9.990e-29 -9.990e-29    7.43600     -0.761 0.0000e+00
     11.307     11.388    20.1066    33.3135   4.601133 -9.990e-29      8.169    84.8857 -9.990e-29 -9.990e-29     0.6555        504     62.875    33.3541    23.4789 -9.990e-29 -9.990e-29    7.43887     -0.756 0.0000e+00
     11.213     11.292    20.1098    33.3070   4.602617 -9.990e-29      8.165    84.8857 -9.990e-29 -9.990e-29     0.6555        505     63.000    33.3637    23.4853 -9.990e-29 -9.990e-29    7.43801     -0.751 0.0000e+00
     11.119     11.198    20.1325    33.3065   4.604789 -9.990e-29      8.165    84.8857 -9.990e-29 -9.990e-29     0.6555        506     63.125    33.3633    23.4791 -9.990e-29 -9.990e-29    7.43490     -0.747 0.0000e+00
