Data/Test_Data/a1.cnv
* Sea-Bird SBE 25 Data File:
* FileName = C:\wq\Unit#4\A1.hex
* Software Version Seasave V 7.23.2
* Temperature SN = 1180
* Conductivity SN = 1027
* System UpLoad Time = Jul 29 2015 07:47:14
* Real-Time Sample Interval = 0.1250 seconds
* System UTC = Jul 29 2015 14:47:14
# nquan = 20                                
# nvalues = 534                         
# units = specified
# name 0 = depSM: Depth [salt water, m], lat = 33.00
# name 1 = prSM: Pressure, Strain Gauge [db]
# name 2 = t090C: Temperature [ITS-90, deg C]
# name 3 = sal00: Salinity, Practical [PSU]
# name 4 = c0S/m: Conductivity [S/m]
# name 5 = sbeox0V: Oxygen raw, SBE 43 [V]
# name 6 = ph: pH
# name 7 = xmiss: Beam Transmission, Chelsea/Seatech [%]
# name 8 = wetStar: Fluorescence, WET Labs WETstar [mg/m^3]
# name 9 = v4: Voltage 4
# name 10 = bat: Beam Attenuation, Chelsea/Seatech [1/m]
# name 11 = scan: Scan Count
# name 12 = timeS: Time, Elapsed [seconds]
# name 13 = sal00: Salinity, Practical [PSU]
# name 14 = sigma-t00: Density [sigma-t, kg/m^3 ]
# name 15 = sbeox0Mg/L: Oxygen, SBE 43 [mg/l], WS = 2
# name 16 = sbeox0PS: Oxygen, SBE 43 [% saturation], WS = 2
# name 17 = oxsatMg/L: Oxygen Saturation, Weiss [mg/l]
# name 18 = dz/dtM: Descent Rate [m/s], WS = 2
# name 19 = flag: flag
# span 0 =      1.144,     18.221       
# span 1 =      1.152,     18.351       
# span 2 =    17.2504,    20.8349       
# span 3 =    33.1557,    33.5821       
# span 4 =   4.336980,   4.671915       
# span 5 =     2.7668,     2.9048       
# span 6 =      8.120,      8.174       
# span 7 =    80.6490,    89.9746       
# span 8 =     0.6591,     1.6556       
# span 9 =     0.0928,     0.1575       
# span 10 =     0.4226,     0.8603      
# span 11 =          1,        534      
# span 12 =      0.000,     66.625      
# span 13 =    33.2218,    33.4688      
# span 14 =    23.2860,    24.2753      
# span 15 =     7.7458,     8.4014      
# span 16 =    103.739,    110.806      
# span 17 =    7.33975,    7.84783      
# span 18 =     -0.868,      0.744      
# span 19 = 0.0000e+00, 0.0000e+00      
# interval = seconds: 0.125
# start_time = Jul 29 2015 14:47:14 [System UTC, header]
# bad_flag = -9.990e-29
*END*
      1.144      1.152    20.8333    33.3543   4.671853     2.8034      8.157    89.7554     0.6779     0.0940     0.4323          1      0.000    33.3553    23.2871     7.7766    105.733    7.33994      0.000 -9.990e-29
      1.145      1.154    20.8341    33.3543   4.671877     2.8022      8.157    89.7554     0.7155     0.0965     0.4323          2      0.125    33.3549    23.2866     7.7724    105.677    7.33985      0.000 -9.990e-29
      1.148      1.156    20.8349    33.3547   4.671914     2.8022      8.157    89.7554     0.6967     0.0952     0.4323          3      0.250    33.3545    23.2861     7.7723    105.677    7.33975      0.000 -9.990e-29
      1.152      1.160    20.8349    33.3550   4.671915     2.8022      8.143    89.6580     0.6779     0.0940     0.4367          4      0.375    33.3545    23.2861     7.7723    105.677    7.33975      0.000 -9.990e-29
      1.156      1.164    20.8344    33.3548   4.671848     2.8034      8.157    89.9015     0.7155     0.0965     0.4258          5      0.500    33.3544    23.2862     7.7765    105.733    7.33983      0.000 -9.990e-29
      1.162      1.170    20.8340    33.3550   4.671795     2.8010      8.157    89.8772     0.7155     0.0965     0.4269          6      0.625    33.3543    23.2862     7.7684    105.622    7.33989      0.000 -9.990e-29
      1.168      1.176    20.8337    33.3559   4.671738     2.8059      8.157    89.8772     0.7155     0.0965     0.4269          7      0.750    33.3540    23.2861     7.7851    105.849    7.33994      0.000 -9.990e-29
      1.176      1.184    20.8327    33.3571   4.671579     2.8071      8.157    89.8772     0.7155     0.0965     0.4269          8      0.875    33.3536    23.2860     7.7894    105.905    7.34009      0.000 -9.990e-29
      1.185      1.194    20.8304    33.3580   4.671312     2.8095      8.157    89.8772     0.6967     0.0952     0.4269          9      1.000    33.3532    23.2863     7.8266    106.407    7.34042      0.053 -9.990e-29
      1.195      1.203    20.8268    33.3579   4.670943     2.8107      8.157    89.8772     0.6967     0.0952     0.4269         10      1.125    33.3531    23.2872     7.8316    106.467    7.34090      0.053 -9.990e-29
      1.204      1.213    20.8227    33.3566   4.670568     2.8120      8.143    89.4389     0.6779     0.0940     0.4465         11      1.250    33.3533    23.2885     7.8353    106.510    7.34145      0.052 -9.990e-29
      1.212      1.221    20.8196    33.3553   4.670371     2.8132      8.157    89.3415     0.6967     0.0952     0.4508         12      1.375    33.3541    23.2899     7.8376    106.535    7.34183      0.049 -9.990e-29
      1.219      1.227    20.8185    33.3549   4.670365     2.8144      8.157    89.3415     0.6967     0.0952     0.4508         13      1.500    33.3550    23.2909     7.8394    106.558    7.34194      0.045 -9.990e-29
      1.224      1.233    20.8188    33.3551   4.670424     2.8132      8.157    89.3415     0.7155     0.0965     0.4508         14      1.625    33.3552    23.2910     7.8319    106.458    7.34189      0.038 -9.990e-29
      1.228      1.237    20.8193    33.3553   4.670428     2.8132      8.157    89.3415     0.7155     0.0965     0.4508         15      1.750    33.3548    23.2905     7.8254    106.369    7.34184      0.031 -9.990e-29
      1.232      1.241    20.8193    33.3553   4.670400     2.8132      8.157    89.3415     0.7719     0.1001     0.4508         16      1.875    33.3546    23.2904     7.8206    106.304    7.34185      0.022 -9.990e-29
      1.236      1.245    20.8190    33.3554   4.670425     2.8144      8.157    89.3415     0.7343     0.0977     0.4508         17      2.000    33.3550    23.2908     7.8187    106.278    7.34187      0.012 -9.990e-29
      1.239      1.248    20.8188    33.3554   4.670435     2.8144      8.157    89.6337     0.7343     0.0977     0.4378         18      2.125    33.3553    23.2910     7.8113    106.177    7.34189      0.002 -9.990e-29
      1.239      1.248    20.8191    33.3552   4.670399     2.8144      8.157    89.6337     0.7343     0.0977     0.4378         19      2.250    33.3547    23.2905     7.8079    106.131    7.34187     -0.007 -9.990e-29
      1.237      1.246    20.8192    33.3555   4.670375     2.8144      8.157    89.6337     0.7531     0.0989     0.4378         20      2.375    33.3545    23.2903     7.8048    106.089    7.34187     -0.016 -9.990e-29
      1.233      1.241    20.8188    33.3558   4.670330     2.8156      8.157    89.6093     0.7343     0.0977     0.4388         21      2.500    33.3544    23.2904     7.8062    106.107    7.34192     -0.022 -9.990e-29
      1.227      1.236    20.8181    33.3555   4.670231     2.8144      8.157    89.6093     0.7155     0.0965     0.4388         22      2.625    33.3542    23.2904     7.8000    106.022    7.34203     -0.028 -9.990e-29
      1.221      1.230    20.8173    33.3552   4.670165     2.8132      8.157    89.6093     0.7343     0.0977     0.4388         23      2.750    33.3543    23.2907     7.7929    105.924    7.34213     -0.031 -9.990e-29
      1.214      1.223    20.8168    33.3553   4.670178     2.8120      8.157    89.6093     0.7343     0.0977     0.4388         24      2.875    33.3548    23.2912     7.7856    105.824    7.34218     -0.032 -9.990e-29
      1.206      1.215    20.8167    33.3554   4.670213     2.8095      8.157    89.5363     0.7343     0.0977     0.4421         25      3.000    33.3551    23.2915     7.7746    105.675    7.34217     -0.031 -9.990e-29
      1.199      1.207    20.8167    33.3551   4.670249     2.8046      8.157    89.5363     0.7155     0.0965     0.4421         26      3.125    33.3554    23.2917     7.7577    105.445    7.34216     -0.027 -9.990e-29
      1.192      1.200    20.8171    33.3545   4.670299     2.8095      8.157    89.5363     0.7155     0.0965     0.4421         27      3.250    33.3555    23.2917     7.7749    105.679    7.34210     -0.021 -9.990e-29
      1.189      1.197    20.8182    33.3537   4.670351     2.8083      8.157    89.5363     0.6967     0.0952     0.4421         28      3.375    33.3551    23.2910     7.7719    105.641    7.34197     -0.012 -9.990e-29
      1.187      1.195    20.8196    33.3532   4.670424     2.8071      8.153    89.5119     0.6779     0.0940     0.4432         29      3.500    33.3546    23.2903     7.7697    105.613    7.34181     -0.002 -9.990e-29
      1.186      1.194    20.8210    33.3536   4.670556     2.8059      8.157    89.5363     0.7155     0.0965     0.4421         30      3.625    33.3545    23.2899     7.7690    105.605    7.34162      0.009 -9.990e-29
      1.188      1.196    20.8222    33.3547   4.670730     2.8046      8.143    89.4389     0.6967     0.0952     0.4465         31      3.750    33.3550    23.2899     7.7672    105.584    7.34144      0.020 -9.990e-29
      1.192      1.200    20.8228    33.3557   4.670850     2.8034      8.157    89.7798     0.7155     0.0965     0.4312         32      3.875    33.3555    23.2901     7.7651    105.558    7.34134      0.031 -9.990e-29
      1.199      1.207    20.8228    33.3559   4.670845     2.8034      8.157    89.8041     0.7343     0.0977     0.4302         33      4.000    33.3554    23.2901     7.7673    105.587    7.34134      0.041 -9.990e-29
      1.207      1.216    20.8227    33.3558   4.670708     2.8046      8.157    89.8041     0.6967     0.0952     0.4302         34      4.125    33.3544    23.2893     7.7712    105.639    7.34140      0.050 -9.990e-29
      1.217      1.225    20.8222    33.3555   4.670477     2.8046      8.157    89.8041     0.6967     0.0952     0.4302         35      4.250    33.3529    23.2883     7.7685    105.601    7.34153      0.056 -9.990e-29
      1.227      1.235    20.8205    33.3548   4.670223     2.8046      8.157    89.7798     0.6967     0.0952     0.4312         36      4.375    33.3522    23.2883     7.7697    105.613    7.34179      0.059 -9.990e-29
      1.237      1.245    20.8183    33.3538   4.670046     2.8046      8.157    89.8041     0.6967     0.0952     0.4302         37      4.500    33.3525    23.2891     7.7715    105.633    7.34207      0.060 -9.990e-29
      1.247      1.256    20.8170    33.3531   4.670041     2.8046      8.157    89.8041     0.6967     0.0952     0.4302         38      4.625    33.3535    23.2902     7.7736    105.660    7.34220      0.058 -9.990e-29
      1.257      1.266    20.8171    33.3528   4.670197     2.8034      8.157    89.8285     0.7343     0.0977     0.4291         39      4.750    33.3547    23.2910     7.7716    105.635    7.34214      0.054 -9.990e-29
      1.266      1.275    20.8186    33.3529   4.670438     2.8022      8.157    89.8041     0.6967     0.0952     0.4302         40      4.875    33.3554    23.2912     7.7696    105.610    7.34191      0.048 -9.990e-29
      1.273      1.282    20.8208    33.3532   4.670673     2.8022      8.157    89.8041     0.7155     0.0965     0.4302         41      5.000    33.3556    23.2907     7.7707    105.630    7.34160      0.040 -9.990e-29
      1.279      1.288    20.8232    33.3536   4.670794     2.7998      8.157    89.8285     0.6967     0.0952     0.4291         42      5.125    33.3547    23.2894     7.7644    105.548    7.34132      0.031 -9.990e-29
      1.282      1.291    20.8247    33.3539   4.670810     2.7998      8.157    89.8041     0.6967     0.0952     0.4302         43      5.250    33.3536    23.2882     7.7670    105.585    7.34116      0.022 -9.990e-29
      1.283      1.292    20.8248    33.3542   4.670819     2.7998      8.157    89.8041     0.6967     0.0952     0.4302         44      5.375    33.3536    23.2882     7.7704    105.631    7.34115      0.011 -9.990e-29
      1.282      1.291    20.8243    33.3545   4.670839     2.8010      8.157    89.7554     0.7155     0.0965     0.4323         45      5.500    33.3542    23.2887     7.7747    105.690    7.34119      0.001 -9.990e-29
      1.279      1.288    20.8241    33.3547   4.670850     2.8022      8.157    89.7798     0.7155     0.0965     0.4312         46      5.625    33.3544    23.2889     7.7829    105.801    7.34121     -0.009 -9.990e-29
      1.277      1.286    20.8240    33.3549   4.670845     2.8034      8.157    89.7554     0.6967     0.0952     0.4323         47      5.750    33.3545    23.2890     7.7916    105.919    7.34122     -0.019 -9.990e-29
      1.274      1.283    20.8239    33.3553   4.670828     2.8046      8.157    89.7554     0.7531     0.0989     0.4323         48      5.875    33.3544    23.2890     7.7991    106.020    7.34124     -0.028 -9.990e-29
      1.270      1.279    20.8234    33.3558   4.670791     2.8046      8.157    89.7554     0.6967     0.0952     0.4323         49      6.000    33.3545    23.2892     7.8012    106.048    7.34130     -0.036 -9.990e-29
      1.265      1.274    20.8225    33.3562   4.670720     2.8059      8.157    89.7798     0.6967     0.0952     0.4312         50      6.125    33.3546    23.2895     7.8073    106.130    7.34142     -0.044 -9.990e-29
      1.260      1.268    20.8215    33.3563   4.670595     2.8059      8.157    89.6824     0.6967     0.0952     0.4356         51      6.250    33.3544    23.2896     7.8068    106.121    7.34156     -0.052 -9.990e-29
      1.252      1.261    20.8201    33.3558   4.670441     2.8071      8.157    89.6824     0.6967     0.0952     0.4356         52      6.375    33.3543    23.2899     7.8097    106.158    7.34175     -0.058 -9.990e-29
      1.244      1.253    20.8188    33.3554   4.670343     2.8022      8.157    89.6824     0.7155     0.0965     0.4356         53      6.500    33.3545    23.2905     7.7904    105.892    7.34192     -0.064 -9.990e-29
      1.235      1.244    20.8183    33.3557   4.670296     2.8083      8.157    89.6824     0.6967     0.0952     0.4356         54      6.625    33.3545    23.2906     7.8093    106.149    7.34198     -0.068 -9.990e-29
      1.226      1.234    20.8179    33.3563   4.670228     2.8095      8.157    89.6824     0.6967     0.0952     0.4356         55      6.750    33.3543    23.2905     7.8117    106.180    7.34205     -0.071 -9.990e-29
      1.216      1.225    20.8168    33.3566   4.670092     2.8095      8.157    89.6824     0.7155     0.0965     0.4356         56      6.875    33.3541    23.2907     7.8104    106.160    7.34221     -0.072 -9.990e-29
      1.205      1.213    20.8150    33.3563   4.669900     2.8095      8.157    89.6824     0.6967     0.0952     0.4356         57      7.000    33.3540    23.2910     7.8095    106.145    7.34245     -0.071 -9.990e-29
      1.192      1.201    20.8132    33.3559   4.669759     2.8095      8.148    89.6824     0.6591     0.0928     0.4356         58      7.125    33.3543    23.2917     7.8090    106.134    7.34268     -0.067 -9.990e-29
      1.180      1.188    20.8119    33.3555   4.669746     2.8095      8.157    89.8528     0.7343     0.0977     0.4280         59      7.250    33.3552    23.2928     7.8080    106.119    7.34282     -0.060 -9.990e-29
      1.169      1.177    20.8115    33.3548   4.669793     2.8095      8.157    89.8528     0.6967     0.0952     0.4280         60      7.375    33.3559    23.2934     7.8074    106.110    7.34284     -0.051 -9.990e-29
      1.160      1.168    20.8123    33.3540   4.669881     2.8083      8.157    89.8528     0.7155     0.0965     0.4280         61      7.500    33.3560    23.2933     7.8023    106.043    7.34273     -0.039 -9.990e-29
      1.153      1.161    20.8142    33.3543   4.670056     2.8095      8.157    89.8528     0.7343     0.0977     0.4280         62      7.625    33.3559    23.2927     7.8003    106.019    7.34248     -0.025 -9.990e-29
      1.149      1.157    20.8160    33.3551   4.670223     2.8095      8.157    89.8528     0.7155     0.0965     0.4280         63      7.750    33.3558    23.2922     7.7979    105.990    7.34224     -0.009 -9.990e-29
      1.148      1.156    20.8170    33.3552   4.670270     2.8095      8.157    89.8528     0.6967     0.0952     0.4280         64      7.875    33.3554    23.2916     7.7959    105.965    7.34212      0.008 -9.990e-29
      1.150      1.158    20.8174    33.3549   4.670296     2.8095      8.157    89.9015     0.6967     0.0952     0.4258         65      8.000    33.3553    23.2914     7.7920    105.912    7.34207      0.025 -9.990e-29
      1.156      1.164    20.8177    33.3552   4.670397     2.8107      8.157    89.8772     0.7155     0.0965     0.4269         66      8.125    33.3559    23.2918     7.7935    105.933    7.34201      0.042 -9.990e-29
      1.164      1.173    20.8184    33.3554   4.670453     2.8095      8.157    89.9015     0.6967     0.0952     0.4258         67      8.250    33.3558    23.2915     7.7857    105.829    7.34192      0.057 -9.990e-29
      1.175      1.184    20.8189    33.3544   4.670384     2.8107      8.157    89.9015     0.7155     0.0965     0.4258         68      8.375    33.3548    23.2906     7.7861    105.835    7.34189      0.070 -9.990e-29
      1.188      1.197    20.8191    33.3532   4.670346     2.8095      8.157    89.9015     0.6967     0.0952     0.4258         69      8.500    33.3543    23.2902     7.7784    105.729    7.34189      0.079 -9.990e-29
      1.203      1.212    20.8199    33.3533   4.670495     2.8071      8.157    89.9015     0.6967     0.0952     0.4258         70      8.625    33.3549    23.2904     7.7664    105.568    7.34175      0.085 -9.990e-29
      1.219      1.228    20.8213    33.3551   4.670716     2.8071      8.157    89.8772     0.7155     0.0965     0.4269         71      8.750    33.3556    23.2906     7.7640    105.540    7.34154      0.087 -9.990e-29
      1.235      1.243    20.8227    33.3571   4.670755     2.8059      8.157    89.8528     0.6967     0.0952     0.4280         72      8.875    33.3548    23.2896     7.7570    105.447    7.34138      0.085 -9.990e-29
