Data/Test_Data/a1.cnv
* Sea-Bird SBE 25 Data File:
* FileName = C:\wq\Unit#4\A1.hex
* Software Version Seasave V 7.23.2
* Temperature SN = 1180
* Conductivity SN = 1027
* System UpLoad Time = Jul 29 2015 07:47:14
* Real-Time Sample Interval = 0.1250 seconds
* System UTC = Jul 29 2015 14:47:14
# nquan = 20                                
# nvalues = 534                         
# units = specified
# name 0 = depSM: Depth [salt water, m], lat = 33.00
# name 1 = prSM: Pressure, Strain Gauge [db]
# name 2 = t090C: Temperature [ITS-90, deg C]
# name 3 = sal00: Salinity, Practical [PSU]
# name 4 = c0S/m: Conductivity [S/m]
# name 5 = sbeox0V: Oxygen raw, SBE 43 [V]
# name 6 = ph: pH
# name 7 = xmiss: Beam Transmission, Chelsea/Seatech [%]
# name 8 = wetStar: Fluorescence, WET Labs WETstar [mg/m^3]
# name 9 = v4: Voltage 4
# name 10 = bat: Beam Attenuation, Chelsea/Seatech [1/m]
# name 11 = scan: Scan Count
# name 12 = timeS: Time, Elapsed [seconds]
# name 13 = sal00: Salinity, Practical [PSU]
# name 14 = sigma-t00: Density [sigma-t, kg/m^3 ]
# name 15 = sbeox0Mg/L: Oxygen, SBE 43 [mg/l], WS = 2
# name 16 = sbeox0PS: Oxygen, SBE 43 [% saturation], WS = 2
# name 17 = oxsatMg/L: Oxygen Saturation, Weiss [mg/l]
# name 18 = dz/dtM: Descent Rate [m/s], WS = 2
# name 19 = flag: flag
# span 0 =      1.144,     18.221       
# span 1 =      1.152,     18.351       
# span 2 =    17.2504,    20.8349       
# span 3 =    33.1557,    33.5821       
# span 4 =   4.336980,   4.671915       
# span 5 =     2.7668,     2.9048       
# span 6 =      8.120,      8.174       
# span 7 =    80.6490,    89.9746       
# span 8 =     0.6591,     1.6556       
# span 9 =     0.0928,     0.1575       
# span 10 =     0.4226,     0.8603      
# span 11 =          1,        534      
# span 12 =      0.000,     66.625      
# span 13 =    33.2218,    33.4688      
# span 14 =    23.2860,    24.2753      
# span 15 =     7.7458,     8.4014      
# span 16 =    103.739,    110.806      
# span 17 =    7.33975,    7.84783      
# span 18 =     -0.868,      0.744      
# span 19 = 0.0000e+00, 0.0000e+00      
# interval = seconds: 0.125
# start_time = Jul 29 2015 14:47:14 [System UTC, header]
# bad_flag = -9.990e-29
*END*
[from data line 218]
      8.363      8.422    20.5939    33.3643   4.647421     2.8327      8.163    89.6824     0.8283     0.1038     0.4356        219     27.250    33.3447    23.3431     7.9247    107.273    7.37269      0.583 0.0000e+00
      8.434      8.494    20.5847    33.3718   4.645629     2.8327      8.158    89.6580     0.8471     0.1050     0.4367        220     27.375    33.3375    23.3400     7.9131    107.093    7.37425      0.569 0.0000e+00
      8.503      8.564    20.5634    33.3758   4.642821     2.8291      8.163    89.6580     0.8471     0.1050     0.4367        221     27.500    33.3317    23.3412     7.8947    106.799    7.37740      0.556 0.0000e+00
      8.571      8.632    20.5317    33.3750   4.639689     2.8291      8.163    89.6580     0.8659     0.1062     0.4367        222     27.625    33.3314    23.3494     7.8906    106.681    7.38171      0.542 0.0000e+00
      8.637      8.699    20.4978    33.3698   4.636930     2.8266      8.163    89.6580     0.8471     0.1050     0.4367        223     27.750    33.3358    23.3618     7.8797    106.471    7.38613      0.529 0.0000e+00
      8.701      8.764    20.4707    33.3630   4.634974     2.8242      8.159    89.6580     0.8471     0.1050     0.4367        224     27.875    33.3413    23.3732     7.8726    106.325    7.38957      0.517 0.0000e+00
      8.764      8.826    20.4548    33.3548   4.633894     2.8217      8.163    89.6580     0.8659     0.1062     0.4367        225     28.000    33.3451    23.3803     7.8657    106.204    7.39157      0.508 0.0000e+00
      8.824      8.887    20.4481    33.3471   4.633808     2.8193      8.149    89.5606     0.7907     0.1013     0.4410        226     28.125    33.3497    23.3855     7.8609    106.129    7.39228      0.501 0.0000e+00
      8.883      8.946    20.4524    33.3448   4.634706     2.8181      8.163    89.7554     0.8847     0.1074     0.4323        227     28.250    33.3535    23.3873     7.8633    106.172    7.39153      0.496 0.0000e+00
      8.941      9.005    20.4646    33.3463   4.635965     2.8144      8.159    89.7311     0.8659     0.1062     0.4334        228     28.375    33.3540    23.3845     7.8575    106.119    7.38985      0.494 0.0000e+00
      8.998      9.062    20.4761    33.3486   4.637014     2.8181      8.163    89.7311     0.8659     0.1062     0.4334        229     28.500    33.3534    23.3810     7.8786    106.425    7.38831      0.495 0.0000e+00
      9.055      9.119    20.4856    33.3518   4.637659     2.8181      8.158    89.7554     0.8847     0.1074     0.4323        230     28.625    33.3511    23.3767     7.8861    106.543    7.38712      0.498 0.0000e+00
      9.113      9.178    20.4913    33.3561   4.637672     2.8169      8.163    89.7554     0.8659     0.1062     0.4323        231     28.750    33.3467    23.3718     7.8894    106.597    7.38653      0.504 0.0000e+00
      9.174      9.240    20.4909    33.3642   4.636736     2.8193      8.158    89.7311     0.8659     0.1062     0.4334        232     28.875    33.3395    23.3664     7.9046    106.796    7.38690      0.512 0.0000e+00
      9.238      9.304    20.4817    33.3739   4.634579     2.8193      8.149    89.5363     0.8283     0.1038     0.4421        233     29.000    33.3293    23.3611     7.9098    106.842    7.38860      0.523 0.0000e+00
      9.303      9.369    20.4546    33.3752   4.631494     2.8217      8.159    89.5119     0.8847     0.1074     0.4432        234     29.125    33.3258    23.3656     7.9230    106.965    7.39244      0.534 0.0000e+00
      9.370      9.437    20.4159    33.3672   4.628636     2.8242      8.159    89.4876     0.8659     0.1062     0.4443        235     29.250    33.3332    23.3815     7.9360    107.069    7.39739      0.546 0.0000e+00
      9.439      9.506    20.3878    33.3578   4.627011     2.8254      8.159    89.5119     0.8659     0.1062     0.4432        236     29.375    33.3422    23.3958     7.9425    107.108    7.40083      0.559 0.0000e+00
      9.509      9.577    20.3771    33.3521   4.626632     2.8266      8.164    89.5119     0.9035     0.1087     0.4432        237     29.500    33.3475    23.4027     7.9451    107.126    7.40206      0.570 0.0000e+00
      9.583      9.651    20.3781    33.3511   4.626833     2.8278      8.159    89.4876     0.8847     0.1074     0.4443        238     29.625    33.3483    23.4030     7.9494    107.187    7.40189      0.581 0.0000e+00
      9.658      9.727    20.3836    33.3543   4.626917     2.8266      8.159    89.5119     0.8659     0.1062     0.4432        239     29.750    33.3446    23.3988     7.9465    107.155    7.40130      0.590 0.0000e+00
      9.735      9.805    20.3849    33.3588   4.626510     2.8266      8.164    89.4145     0.9035     0.1087     0.4475        240     29.875    33.3403    23.3951     7.9463    107.152    7.40131      0.597 0.0000e+00
      9.812      9.882    20.3779    33.3608   4.625609     2.8242      8.159    89.4145     0.9411     0.1111     0.4475        241     30.000    33.3385    23.3956     7.9447    107.117    7.40234      0.602 0.0000e+00
      9.889      9.959    20.3658    33.3605   4.624487     2.8230      8.164    89.4389     0.9035     0.1087     0.4465        242     30.125    33.3390    23.3991     7.9477    107.133    7.40397      0.606 0.0000e+00
      9.966     10.037    20.3545    33.3605   4.623380     2.8230      8.164    89.4145     0.9223     0.1099     0.4475        243     30.250    33.3389    23.4021     7.9568    107.234    7.40552      0.608 0.0000e+00
     10.043     10.114    20.3440    33.3603   4.622305     2.8242      8.164    89.4145     0.9223     0.1099     0.4475        244     30.375    33.3385    23.4045     7.9705    107.397    7.40697      0.608 0.0000e+00
     10.119     10.191    20.3326    33.3585   4.621291     2.8266      8.159    89.4145     0.8847     0.1074     0.4475        245     30.500    33.3392    23.4081     7.9888    107.622    7.40850      0.608 0.0000e+00
     10.195     10.267    20.3226    33.3563   4.620527     2.8291      8.164    89.3658     0.9223     0.1099     0.4497        246     30.625    33.3409    23.4121     8.0069    107.847    7.40979      0.607 0.0000e+00
     10.270     10.343    20.3161    33.3553   4.620095     2.8327      8.159    89.5606     0.9035     0.1087     0.4410        247     30.750    33.3425    23.4150     8.0278    108.117    7.41061      0.606 0.0000e+00
     10.345     10.418    20.3124    33.3554   4.619803     2.8327      8.164    89.5606     0.9035     0.1087     0.4410        248     30.875    33.3431    23.4164     8.0339    108.192    7.41109      0.606 0.0000e+00
     10.418     10.492    20.3097    33.3554   4.619485     2.8413      8.159    89.5606     0.9035     0.1087     0.4410        249     31.000    33.3426    23.4167     8.0673    108.637    7.41148      0.605 0.0000e+00
     10.491     10.566    20.3062    33.3540   4.619131     2.8437      8.164    89.5606     0.9223     0.1099     0.4410        250     31.125    33.3425    23.4176     8.0756    108.741    7.41197      0.605 0.0000e+00
     10.564     10.640    20.3030    33.3519   4.618852     2.8474      8.164    89.5606     0.9223     0.1099     0.4410        251     31.250    33.3427    23.4186     8.0851    108.863    7.41240      0.605 0.0000e+00
     10.639     10.715    20.3019    33.3505   4.618754     2.8486      8.164    89.5606     0.9411     0.1111     0.4410        252     31.375    33.3428    23.4189     8.0825    108.825    7.41254      0.604 0.0000e+00
     10.714     10.791    20.3022    33.3496   4.618760     2.8510      8.145    89.4632     0.9223     0.1099     0.4454        253     31.500    33.3426    23.4187     8.0815    108.812    7.41251      0.604 0.0000e+00
     10.790     10.867    20.3031    33.3494   4.618809     2.8523      8.159    89.4145     0.9223     0.1099     0.4475        254     31.625    33.3422    23.4182     8.0745    108.720    7.41240      0.605 0.0000e+00
     10.867     10.944    20.3040    33.3500   4.618875     2.8535      8.159    89.4145     0.9599     0.1123     0.4475        255     31.750    33.3420    23.4178     8.0657    108.603    7.41229      0.605 0.0000e+00
     10.944     11.022    20.3043    33.3504   4.618854     2.8547      8.164    89.4145     0.9223     0.1099     0.4475        256     31.875    33.3416    23.4174     8.0557    108.469    7.41227      0.606 0.0000e+00
     11.020     11.099    20.3037    33.3505   4.618759     2.8547      8.164    89.4145     0.9035     0.1087     0.4475        257     32.000    33.3413    23.4173     8.0379    108.227    7.41236      0.607 0.0000e+00
     11.095     11.174    20.3027    33.3519   4.618647     2.8547      8.164    89.4145     0.9223     0.1099     0.4475        258     32.125    33.3411    23.4174     8.0234    108.030    7.41251      0.609 0.0000e+00
     11.169     11.249    20.3011    33.3531   4.618386     2.8547      8.164    89.4145     0.9787     0.1136     0.4475        259     32.250    33.3402    23.4172     8.0088    107.830    7.41276      0.610 0.0000e+00
     11.243     11.323    20.2971    33.3513   4.617970     2.8535      8.164    89.4145     0.9411     0.1111     0.4475        260     32.375    33.3400    23.4181     7.9917    107.592    7.41332      0.612 0.0000e+00
     11.317     11.398    20.2926    33.3489   4.617752     2.8523      8.164    89.4145     0.9599     0.1123     0.4475        261     32.500    33.3418    23.4206     7.9747    107.355    7.41386      0.613 0.0000e+00
     11.393     11.474    20.2923    33.3497   4.617866     2.8498      8.159    89.4145     0.9787     0.1136     0.4475        262     32.625    33.3429    23.4215     7.9562    107.106    7.41385      0.615 0.0000e+00
     11.469     11.551    20.2938    33.3538   4.617946     2.8474      8.159    89.4389     0.9787     0.1136     0.4465        263     32.750    33.3423    23.4207     7.9401    106.892    7.41367      0.617 0.0000e+00
     11.546     11.628    20.2928    33.3594   4.617510     2.8437      8.164    89.4145     0.9599     0.1123     0.4475        264     32.875    33.3396    23.4189     7.9232    106.661    7.41393      0.619 0.0000e+00
     11.624     11.707    20.2858    33.3619   4.616337     2.8388      8.164    89.4145     0.9599     0.1123     0.4475        265     33.000    33.3356    23.4177     7.9070    106.426    7.41506      0.622 0.0000e+00
     11.702     11.786    20.2709    33.3584   4.614897     2.8352      8.159    89.4145     0.9223     0.1099     0.4475        266     33.125    33.3357    23.4217     7.8993    106.294    7.41710      0.626 0.0000e+00
     11.781     11.865    20.2559    33.3538   4.613929     2.8315      8.164    89.2197     0.9411     0.1111     0.4563        267     33.250    33.3397    23.4287     7.8911    106.157    7.41898      0.629 0.0000e+00
     11.859     11.944    20.2493    33.3520   4.613526     2.8278      8.164    89.2197     0.9223     0.1099     0.4563        268     33.375    33.3416    23.4319     7.8874    106.096    7.41980      0.633 0.0000e+00
     11.937     12.022    20.2476    33.3513   4.613307     2.8242      8.164    89.2197     0.9411     0.1111     0.4563        269     33.500    33.3411    23.4320     7.8857    106.069    7.42006      0.636 0.0000e+00
     12.016     12.101    20.2458    33.3509   4.613093     2.8242      8.164    89.2197     0.9411     0.1111     0.4563        270     33.625    33.3408    23.4322     7.8983    106.235    7.42032      0.638 0.0000e+00
     12.095     12.181    20.2444    33.3519   4.612855     2.8230      8.159    89.2197     0.9411     0.1111     0.4563        271     33.750    33.3399    23.4319     7.9091    106.377    7.42055      0.640 0.0000e+00
     12.176     12.262    20.2422    33.3523   4.612551     2.8230      8.164    89.2197     0.9975     0.1148     0.4563        272     33.875    33.3392    23.4319     7.9253    106.591    7.42088      0.642 0.0000e+00
     12.256     12.343    20.2375    33.3509   4.612296     2.8242      8.159    89.1224     0.9975     0.1148     0.4606        273     34.000    33.3408    23.4344     7.9458    106.858    7.42146      0.643 0.0000e+00
     12.336     12.424    20.2344    33.3493   4.612204     2.8254      8.164    88.8302     0.9975     0.1148     0.4738        274     34.125    33.3425    23.4365     7.9647    107.107    7.42181      0.644 0.0000e+00
     12.417     12.505    20.2349    33.3490   4.612193     2.8217      8.164    88.8302     1.0163     0.1160     0.4738        275     34.250    33.3420    23.4359     7.9651    107.113    7.42176      0.645 0.0000e+00
     12.498     12.587    20.2362    33.3501   4.612072     2.8266      8.164    88.8302     1.0351     0.1172     0.4738        276     34.375    33.3399    23.4341     7.9943    107.506    7.42167      0.645 0.0000e+00
     12.579     12.669    20.2355    33.3544   4.611450     2.8278      8.159    88.8302     1.0539     0.1184     0.4738        277     34.500    33.3354    23.4308     8.0081    107.687    7.42197      0.644 0.0000e+00
     12.659     12.749    20.2312    33.3613   4.609671     2.8291      8.164    88.8302     1.0163     0.1160     0.4738        278     34.625    33.3244    23.4235     8.0197    107.829    7.42304      0.641 0.0000e+00
     12.739     12.830    20.2140    33.3630   4.606776     2.8327      8.164    88.8058     0.9975     0.1148     0.4749        279     34.750    33.3145    23.4205     8.0408    108.071    7.42583      0.639 0.0000e+00
     12.819     12.911    20.1805    33.3578   4.604042     2.8352      8.146    88.8058     0.9787     0.1136     0.4749        280     34.875    33.3188    23.4326     8.0577    108.235    7.43025      0.634 0.0000e+00
     12.899     12.991    20.1507    33.3496   4.602384     2.8376      8.165    88.9032     0.9787     0.1136     0.4705        281     35.000    33.3288    23.4481     8.0719    108.373    7.43391      0.629 0.0000e+00
     12.977     13.070    20.1368    33.3401   4.601883     2.8401      8.165    88.9032     0.9787     0.1136     0.4705        282     35.125    33.3357    23.4570     8.0834    108.505    7.43552      0.623 0.0000e+00
     13.055     13.148    20.1365    33.3372   4.602467     2.8425      8.165    88.9032     0.9787     0.1136     0.4705        283     35.250    33.3407    23.4608     8.0919    108.621    7.43534      0.616 0.0000e+00
     13.132     13.226    20.1489    33.3441   4.603155     2.8462      8.164    88.9032     1.0915     0.1209     0.4705        284     35.375    33.3364    23.4543     8.0983    108.729    7.43382      0.608 0.0000e+00
     13.207     13.302    20.1564    33.3498   4.603023     2.8474      8.164    88.9032     1.0351     0.1172     0.4705        285     35.500    33.3294    23.4470     8.0977    108.732    7.43310      0.599 0.0000e+00
     13.282     13.377    20.1475    33.3531   4.602557     2.8486      8.165    88.9032     1.0163     0.1160     0.4705        286     35.625    33.3326    23.4518     8.0977    108.716    7.43418      0.588 0.0000e+00
     13.356     13.452    20.1382    33.3589   4.601957     2.8510      8.165    88.8302     1.0351     0.1172     0.4738        287     35.750    33.3351    23.4561     8.0983    108.707    7.43535      0.577 0.0000e+00
     13.428     13.524    20.1299    33.3648   4.600651     2.8523      8.164    88.8302     1.0351     0.1172     0.4738        288     35.875    33.3310    23.4552     8.0991    108.698    7.43667      0.565 0.0000e+00
     13.498     13.594    20.1132    33.3676   4.598468     2.8535      8.165    88.8058     1.0351     0.1172     0.4749        289     36.000    33.3265    23.4561     8.0998    108.672    7.43917      0.553 0.0000e+00
