Data/Test_Data/c5_newCTD.cnv
* Sea-Bird SBE 25plus Data File:
* FileName = C:\wq\Unit#5\C5.hex
* Software Version Seasave V 7.23.2
* Temperature SN = 5635
* Conductivity SN = 4398
* System UpLoad Time = Jan 04 2016 11:50:21
** Agency: City of San Diego
** Vessel: Oceanus
** Cruise:
** Date:
** Latitude:
** Longitude:
# nquan = 27                                
# nvalues = 183                         
# units = specified
# name 0 = prdM: Pressure, Strain Gauge [db]
# name 1 = depSM: Depth [salt water, m], lat = 33.00
# name 2 = t090C: Temperature [ITS-90, deg C]
# name 3 = sal00: Salinity, Practical [PSU]
# name 4 = c0S/m: Conductivity [S/m]
# name 5 = sbeox0V: Oxygen raw, SBE 43 [V]
# name 6 = ph: pH
# name 7 = CStarTr0: Beam Transmission, WET Labs C-Star [%]
# name 8 = CStarAt0: Beam Attenuation, WET Labs C-Star [1/m]
# name 9 = v4: Voltage 4
# name 10 = wetStar: Fluorescence, WET Labs WETstar [mg/m^3]
# name 11 = v2: Voltage 2
# name 12 = wetStar1: Fluorescence, WET Labs WETstar, 2 [mg/m^3]
# name 13 = v3: Voltage 3
# name 14 = cdomflTC0: CDOM, Turner Cyclops [ppb QS]
# name 15 = v7: Voltage 7
# name 16 = obrflTC0: Optical Brighteners, Turner Cyclops [ppb QS]
# name 17 = v6: Voltage 6
# name 18 = scan: Scan Count
# name 19 = timeS: Time, Elapsed [seconds]
# name 20 = sal00: Salinity, Practical [PSU]
# name 21 = sbeox0Mg/L: Oxygen, SBE 43 [mg/l], WS = 2
# name 22 = sbeox0PS: Oxygen, SBE 43 [% saturation], WS = 2
# name 23 = oxsatMg/L: Oxygen Saturation, Weiss [mg/l]
# name 24 = sigma-t00: Density [sigma-t, kg/m^3 ]
# name 25 = dz/dtM: Descent Rate [m/s], WS = 2
# name 26 = flag: flag
# span 0 =      0.682,     11.561       
# span 1 =      0.677,     11.479       
# span 2 =    15.7434,    15.8801       
# span 3 =    31.0122,    33.7014       
# span 4 =   3.928060,   4.223250       
# span 5 =     2.7253,     3.3430       
# span 6 =      8.164,      8.172       
# span 7 =    25.3695,    80.5035       
# span 8 =     0.8675,     5.4865       
# span 9 =     1.3159,     4.0497       
# span 10 =     3.2458,     3.6052      
# span 11 =     0.2225,     0.2344      
# span 12 =     0.5700,     1.5065      
# span 13 =     0.1025,     0.1724      
# span 14 =     0.7285,     1.5025      
# span 15 =     0.1233,     0.2781      
# span 16 =    11.4443,    27.0085      
# span 17 =     0.0038,     0.0090      
# span 18 =          1,        183      
# span 19 =      0.000,     22.750      
# span 20 =    31.0058,    33.6971      
# span 21 =     5.5342,     7.9764      
# span 22 =     68.497,     98.685      
# span 23 =    8.05563,    8.18381      
# span 24 =    22.7048,    24.8028      
# span 25 =     -1.773,      1.801      
# span 26 = 0.0000e+00, 0.0000e+00      
# interval = seconds: 0.125
# start_time = Jan 04 2016 19:50:21 [System UTC, header]
# bad_flag = -9.990e-29
*END*
[from data line 162]
      8.529      8.469    15.8081    33.6220   4.217551     3.3314      8.165    76.7630     1.0578     3.8643 -9.990e-29 -9.990e-29 -9.990e-29 -9.990e-29     0.9951     0.1766    19.4553     0.0065        163     20.250    33.6215     7.2507     89.801    8.06569    24.7307     -1.675 0.0000e+00
      8.329      8.271    15.8074    33.6249   4.217696     3.3309      8.165    76.6737     1.0624     3.8598 -9.990e-29 -9.990e-29 -9.990e-29 -9.990e-29     0.9341     0.1644    21.5152     0.0072        164     20.375    33.6235     7.2537     89.838    8.06571    24.7324     -1.701 0.0000e+00
      8.128      8.070    15.8053    33.6249   4.217658     3.3295      8.166    76.7553     1.0582     3.8639 -9.990e-29 -9.990e-29 -9.990e-29 -9.990e-29     0.9219     0.1620    18.7686     0.0063        165     20.500    33.6250     7.2533     89.831    8.06597    24.7340     -1.724 0.0000e+00
      7.921      7.865    15.8057    33.6221   4.217625     3.3261      8.165    77.5662     1.0162     3.9041 -9.990e-29 -9.990e-29 -9.990e-29 -9.990e-29     1.0153     0.1807    17.8531     0.0060        166     20.625    33.6244     7.2451     89.729    8.06593    24.7335     -1.744 0.0000e+00
      7.705      7.650    15.8093    33.6192   4.217778     3.3219      8.165    78.4186     0.9724     3.9464 -9.990e-29 -9.990e-29 -9.990e-29 -9.990e-29     1.0100     0.1796    17.1664     0.0057        167     20.750    33.6228     7.2408     89.681    8.06544    24.7314     -1.759 0.0000e+00
      7.479      7.426    15.8144    33.6177   4.218116 -9.990e-29      8.165    79.6203     0.9116     4.0060 -9.990e-29 -9.990e-29 -9.990e-29 -9.990e-29     0.9833     0.1743    16.7086     0.0056        168     20.875    33.6216 -9.990e-29 -9.990e-29    8.06468    24.7293     -1.769 0.0000e+00
      7.244      7.193    15.8198    33.6162   4.218537 -9.990e-29      8.164    79.6372     0.9108     4.0068 -9.990e-29 -9.990e-29 -9.990e-29 -9.990e-29     0.9974     0.1771    15.1064     0.0050        169     21.000    33.6208 -9.990e-29 -9.990e-29    8.06385    24.7275     -1.773 0.0000e+00
      7.003      6.954    15.8261    33.6149   4.219012 -9.990e-29      8.164    79.8804     0.8986     4.0188 -9.990e-29 -9.990e-29 -9.990e-29 -9.990e-29     1.0111     0.1798    17.6242     0.0059        170     21.125    33.6198 -9.990e-29 -9.990e-29    8.06289    24.7253     -1.768 0.0000e+00
      6.760      6.712    15.8326    33.6146   4.219531 -9.990e-29      8.164    79.7803     0.9036     4.0139 -9.990e-29 -9.990e-29 -9.990e-29 -9.990e-29     1.0520     0.1880    17.3953     0.0058        171     21.250    33.6190 -9.990e-29 -9.990e-29    8.06189    24.7232     -1.754 0.0000e+00
      6.519      6.473    15.8380    33.6158   4.220027 -9.990e-29      8.164    79.6465     0.9103     4.0072 -9.990e-29 -9.990e-29 -9.990e-29 -9.990e-29     1.0062     0.1788    14.4198     0.0048        172     21.375    33.6189 -9.990e-29 -9.990e-29    8.06103    24.7220     -1.727 0.0000e+00
      6.286      6.242    15.8413    33.6174   4.220409 -9.990e-29      8.165    79.0433     0.9407     3.9773 -9.990e-29 -9.990e-29 -9.990e-29 -9.990e-29     0.9738     0.1724    14.8775     0.0050        173     21.500    33.6196 -9.990e-29 -9.990e-29    8.06046    24.7217     -1.686 0.0000e+00
      6.064      6.021    15.8431    33.6185   4.220647 -9.990e-29      8.165    78.8541     0.9503     3.9680 -9.990e-29 -9.990e-29 -9.990e-29 -9.990e-29     0.9886     0.1753    17.6242     0.0059        174     21.625    33.6202 -9.990e-29 -9.990e-29    8.06014    24.7219     -1.626 0.0000e+00
      5.856      5.815    15.8442    33.6190   4.220784 -9.990e-29      8.166    79.6419     0.9105     4.0070 -9.990e-29 -9.990e-29 -9.990e-29 -9.990e-29     0.9970     0.1770    18.7686     0.0063        175     21.750    33.6206 -9.990e-29 -9.990e-29    8.05995    24.7219     -1.542 0.0000e+00
      5.662      5.622    15.8450    33.6193   4.220870 -9.990e-29      8.166    79.7680     0.9042     4.0133 -9.990e-29 -9.990e-29 -9.990e-29 -9.990e-29     1.0333     0.1843    17.3953     0.0058        176     21.875    33.6208 -9.990e-29 -9.990e-29    8.05981    24.7218      0.000 0.0000e+00
      5.479      5.440    15.8455    33.6196   4.220928 -9.990e-29      8.166    79.8111     0.9020     4.0154 -9.990e-29 -9.990e-29 -9.990e-29 -9.990e-29     1.1351     0.2046    19.2264     0.0064        177     22.000    33.6209 -9.990e-29 -9.990e-29    8.05972    24.7218      0.000 0.0000e+00
      5.308      5.270    15.8458    33.6198   4.220968 -9.990e-29      8.166    80.1958     0.8828     4.0345 -9.990e-29 -9.990e-29 -9.990e-29 -9.990e-29     1.0890     0.1954    19.4553     0.0065        178     22.125    33.6211 -9.990e-29 -9.990e-29    8.05967    24.7219      0.000 0.0000e+00
      5.147      5.110    15.8462    33.6200   4.220996 -9.990e-29      8.166    80.2235     0.8814     4.0359 -9.990e-29 -9.990e-29 -9.990e-29 -9.990e-29     1.0771     0.1930    16.7086     0.0056        179     22.250    33.6211 -9.990e-29 -9.990e-29    8.05960    24.7218      0.000 0.0000e+00
      5.001      4.965    15.8464    33.6198   4.221011 -9.990e-29      8.166    80.0096     0.8921     4.0253 -9.990e-29 -9.990e-29 -9.990e-29 -9.990e-29     1.0710     0.1918    18.5397     0.0062        180     22.375    33.6211 -9.990e-29 -9.990e-29    8.05957    24.7218      0.000 0.0000e+00
      4.879      4.844    15.8469    33.6190   4.221017 -9.990e-29      8.165    80.3343     0.8759     4.0414 -9.990e-29 -9.990e-29 -9.990e-29 -9.990e-29     1.0455     0.1867    18.5397     0.0062        181     22.500    33.6208 -9.990e-29 -9.990e-29    8.05951    24.7214      0.000 0.0000e+00
      4.794      4.759    15.8482    33.6183   4.221023 -9.990e-29      8.165    80.3235     0.8764     4.0408 -9.990e-29 -9.990e-29 -9.990e-29 -9.990e-29     1.0027     0.1781    19.6841     0.0066        182     22.625    33.6197 -9.990e-29 -9.990e-29    8.05935    24.7203      0.000 0.0000e+00
      4.762      4.728    15.8490 -9.990e-29 -9.990e-29 -9.990e-29      8.166    80.4558     0.8698     4.0474 -9.990e-29 -9.990e-29 -9.990e-29 -9.990e-29     1.0462     0.1868    19.2264     0.0064        183     22.750 -9.990e-29 -9.990e-29 -9.990e-29 -9.990e-29 -9.990e-29      0.000 0.0000e+00
