Data/Test_Data/c5_newCTD.cnv
* Sea-Bird SBE 25plus Data File:
* FileName = C:\wq\Unit#5\C5.hex
* Software Version Seasave V 7.23.2
* Temperature SN = 5635
* Conductivity SN = 4398
* System UpLoad Time = Jan 04 2016 11:50:21
** Agency: City of San Diego
** Vessel: Oceanus
** Cruise:
** Date:
** Latitude:
** Longitude:
# nquan = 27                                
# nvalues = 183                         
# units = specified
# name 0 = prdM: Pressure, Strain Gauge [db]
# name 1 = depSM: Depth [salt water, m], lat = 33.00
# name 2 = t090C: Temperature [ITS-90, deg C]
# name 3 = sal00: Salinity, Practical [PSU]
# name 4 = c0S/m: Conductivity [S/m]
# name 5 = sbeox0V: Oxygen raw, SBE 43 [V]
# name 6 = ph: pH
# name 7 = CStarTr0: Beam Transmission, WET Labs C-Star [%]
# name 8 = CStarAt0: Beam Attenuation, WET Labs C-Star [1/m]
# name 9 = v4: Voltage 4
# name 10 = wetStar: Fluorescence, WET Labs WETstar [mg/m^3]
# name 11 = v2: Voltage 2
# name 12 = wetStar1: Fluorescence, WET Labs WETstar, 2 [mg/m^3]
# name 13 = v3: Voltage 3
# name 14 = cdomflTC0: CDOM, Turner Cyclops [ppb QS]
# name 15 = v7: Voltage 7
# name 16 = obrflTC0: Optical Brighteners, Turner Cyclops [ppb QS]
# name 17 = v6: Voltage 6
# name 18 = scan: Scan Count
# name 19 = timeS: Time, Elapsed [seconds]
# name 20 = sal00: Salinity, Practical [PSU]
# name 21 = sbeox0Mg/L: Oxygen, SBE 43 [mg/l], WS = 2
# name 22 = sbeox0PS: Oxygen, SBE 43 [% saturation], WS = 2
# name 23 = oxsatMg/L: Oxygen Saturation, Weiss [mg/l]
# name 24 = sigma-t00: Density [sigma-t, kg/m^3 ]
# name 25 = dz/dtM: Descent Rate [m/s], WS = 2
# name 26 = flag: flag
# span 0 =      0.682,     11.561       
# span 1 =      0.677,     11.479       
# span 2 =    15.7434,    15.8801       
# span 3 =    31.0122,    33.7014       
# span 4 =   3.928060,   4.223250       
# span 5 =     2.7253,     3.3430       
# span 6 =      8.164,      8.172       
# span 7 =    25.3695,    80.5035       
# span 8 =     0.8675,     5.4865       
# span 9 =     1.3159,     4.0497       
# span 10 =     3.2458,     3.6052      
# span 11 =     0.2225,     0.2344      
# span 12 =     0.5700,     1.5065      
# span 13 =     0.1025,     0.1724      
# span 14 =     0.7285,     1.5025      
# span 15 =     0.1233,     0.2781      
# span 16 =    11.4443,    27.0085      
# span 17 =     0.0038,     0.0090      
# span 18 =          1,        183      
# span 19 =      0.000,     22.750      
# span 20 =    31.0058,    33.6971      
# span 21 =     5.5342,     7.9764      
# span 22 =     68.497,     98.685      
# span 23 =    8.05563,    8.18381      
# span 24 =    22.7048,    24.8028      
# span 25 =     -1.773,      1.801      
# span 26 = 0.0000e+00, 0.0000e+00      
# interval = seconds: 0.125
# start_time = Jan 04 2016 19:50:21 [System UTC, header]
# bad_flag = -9.990e-29
*END*
[from data line 54]
      1.279      1.270    15.8790    33.3818   4.196855     2.9151      8.170    79.2449     0.9305     3.9873     3.4716     0.2300     0.7919     0.1191     1.1916     0.2159    17.6242     0.0059         55      6.750    33.3801     6.3729     78.923    8.06617    24.5291      0.981 0.0000e+00
      1.425      1.415    15.8789    32.6472   4.113492     2.9162      8.170    78.6325     0.9615     3.9570     3.4094     0.2279     0.8256     0.1216     1.2290     0.2234    18.9975     0.0063         56      6.875    32.6407     6.4233     79.188    8.10256    23.9607      1.086 0.0000e+00
      1.591      1.580    15.8782    31.4265   3.975000     2.9155      8.170    77.4015     1.0247     3.8959     3.5085     0.2312     0.8491     0.1234     1.2011     0.2178    18.0819     0.0060         57      7.000    31.4182     6.5154     79.725    8.16317    23.0214      1.187 0.0000e+00
      1.771      1.759    15.8774    31.0122   3.928060     2.9129      8.170    75.1197     1.1444     3.7828     3.4854     0.2304     0.9422     0.1303     1.1046     0.1985    15.7931     0.0053         58      7.125    31.0058     6.5896     80.430    8.18381    22.7048      1.280 0.0000e+00
      1.959      1.945    15.8765    31.8574   4.023916     2.9093      8.170    76.4537     1.0739     3.8489     3.5338     0.2320     0.9933     0.1341     1.0413     0.1859    15.3353     0.0051         59      7.250    31.8507     6.6194     81.209    8.14199    23.3540      1.364 0.0000e+00
      2.151      2.135    15.8751    32.8890   4.140726     2.9097      8.171    73.8918     1.2103     3.7219     3.5131     0.2313     1.3031     0.1572     1.1210     0.2018    15.1064     0.0050         60      7.375    32.8849     6.6506     82.107    8.09114    24.1492      1.439 0.0000e+00
      2.343      2.326    15.8738    33.4064   4.199222     2.9204      8.171    76.1629     1.0892     3.8345     3.5039     0.2310     1.5065     0.1724     1.2370     0.2250    21.2863     0.0071         61      7.500    33.4051     6.7211     83.239    8.06578    24.5495      1.502 0.0000e+00
      2.535      2.517    15.8733    33.5579   4.216353     2.9413      8.171    77.9401     0.9969     3.9226     3.4716     0.2300     1.4615     0.1691     1.1115     0.1999    25.6352     0.0085         62      7.625    33.5577     6.8186     84.525    8.05837    24.6670      1.555 0.0000e+00
      2.729      2.710    15.8735    33.5938   4.220403     2.9715      8.171    78.7864     0.9537     3.9646     3.4301     0.2286     1.0863     0.1411     1.1420     0.2060    25.6352     0.0085         63      7.750    33.5935     6.9286     85.908    8.05658    24.6945      1.600 0.0000e+00
      2.927      2.906    15.8732    33.6061   4.221719     3.0052      8.171    79.3695     0.9242     3.9935     3.3979     0.2275     0.8256     0.1216     1.1595     0.2095    22.8885     0.0076         64      7.875    33.6054     7.0306     87.178    8.05605    24.7037      1.639 0.0000e+00
      3.129      3.107    15.8722    33.6144   4.222516     3.0381      8.171    79.6772     0.9087     4.0088     3.4693     0.2299     0.7551     0.1164     1.0428     0.1862    20.8286     0.0069         65      8.000    33.6133     7.1117     88.186    8.05582    24.7099      1.675 0.0000e+00
      3.338      3.315    15.8706    33.6198   4.222970     3.0641      8.171    78.4940     0.9686     3.9501     3.4532     0.2293     0.7285     0.1144     1.0794     0.1935    20.5997     0.0069         66      8.125    33.6186     7.1572     88.750    8.05582    24.7144      1.708 0.0000e+00
      3.554      3.529    15.8689    33.6230   4.223176     3.0821      8.171    79.1126     0.9372     3.9808     3.4785     0.2302     0.7500     0.1160     1.1378     0.2052    18.7686     0.0063         67      8.250    33.6218     7.1687     88.891    8.05593    24.7172      1.738 0.0000e+00
      3.775      3.749    15.8673    33.6247   4.223250     3.0922      8.171    80.2112     0.8820     4.0352     3.4439     0.2290     0.8451     0.1231     1.0558     0.1888    19.2264     0.0064         68      8.375    33.6237     7.1514     88.675    8.05610    24.7191      1.764 0.0000e+00
      4.003      3.975    15.8662    33.6253   4.223234     3.0961      8.171    80.2081     0.8822     4.0351     3.4946     0.2307     0.7490     0.1159     1.1180     0.2012    18.0819     0.0060         69      8.500    33.6244     7.1154     88.227    8.05624    24.7199      1.785 0.0000e+00
      4.235      4.205    15.8652    33.6252   4.223157     3.0955      8.171    80.3096     0.8771     4.0401     3.3449     0.2258     0.7275     0.1143     1.2183     0.2213    21.9730     0.0073         70      8.625    33.6245     7.0707     87.672    8.05639    24.7202      1.798 0.0000e+00
      4.472      4.440    15.8645    33.6247   4.223056     3.0934      8.171    80.2019     0.8825     4.0348     3.4255     0.2284     0.9350     0.1298     1.2454     0.2267    22.2019     0.0074         71      8.750    33.6241     7.0278     87.138    8.05653    24.7200      1.801 0.0000e+00
      4.712      4.679    15.8640    33.6244   4.222947     3.0910      8.171    80.1496     0.8851     4.0322     3.5015     0.2309     0.7162     0.1135     1.0611     0.1898    21.2863     0.0071         72      8.875    33.6235     6.9931     86.706    8.05664    24.7196      1.795 0.0000e+00
      4.954      4.919    15.8630    33.6238   4.222769     3.0887      8.171    80.4927     0.8680     4.0492     3.4693     0.2299     0.7408     0.1153     1.0790     0.1934    19.6841     0.0066         73      9.000    33.6226     6.9676     86.388    8.05684    24.7192      1.781 0.0000e+00
      5.192      5.155    15.8617    33.6211   4.222345     3.0908      8.171    80.1189     0.8866     4.0307     3.4347     0.2287     0.6580     0.1091     1.0890     0.1954    17.1664     0.0057         74      9.125    33.6199     6.9621     86.316    8.05718    24.7174      1.761 0.0000e+00
      5.423      5.385    15.8604    33.6106   4.221043     3.1011      8.171    80.0235     0.8914     4.0259     3.3103     0.2246     0.6191     0.1062     1.1111     0.1998    17.6242     0.0059         75      9.250    33.6093     6.9814     86.548    8.05791    24.7096      1.738 0.0000e+00
      5.644      5.604    15.8589    33.5938   4.218984     3.1203      8.171    80.1665     0.8843     4.0330     3.3449     0.2258     0.6253     0.1067     1.1397     0.2055    21.5152     0.0072         76      9.375    33.5922     7.0223     87.044    8.05899    24.6967      1.717 0.0000e+00
      5.852      5.811    15.8571    33.5796   4.217260     3.1444      8.171    80.5035     0.8675     4.0497     3.2896     0.2239     0.6559     0.1089     1.1908     0.2158    22.2019     0.0074         77      9.500    33.5783     7.0680     87.599    8.05996    24.6864      1.700 0.0000e+00
      6.048      6.006    15.8557    33.5689   4.215974     3.1664      8.172    80.1219     0.8865     4.0308     3.3863     0.2271     0.7449     0.1156     1.2599     0.2296    21.9730     0.0073         78      9.625    33.5680     7.0961     87.939    8.06069    24.6788      1.690 0.0000e+00
      6.235      6.192    15.8551    33.5619   4.215167     3.1808      8.172    80.2235     0.8814     4.0359     3.4370     0.2288     0.7132     0.1132     1.1817     0.2139    20.1419     0.0067         79      9.750    33.5612     7.0940     87.909    8.06111    24.6738      1.688 0.0000e+00
      6.419      6.374    15.8550    33.5670   4.215767     3.1878      8.172    80.3112     0.8770     4.0402     3.4094     0.2279     0.6549     0.1089     1.1267     0.2029    15.3353     0.0051         80      9.875    33.5666     7.0704     87.620    8.06087    24.6779      1.693 0.0000e+00
      6.606      6.559    15.8552    33.5877   4.218041     3.1877      8.172    80.2066     0.8823     4.0350     3.4601     0.2296     0.6600     0.1093     1.1294     0.2035    18.7686     0.0063         81     10.000    33.5866     7.0325     87.161    8.05986    24.6932      1.703 0.0000e+00
      6.800      6.752    15.8544    33.6121   4.220602     3.1828      8.172    80.3743     0.8739     4.0433     3.3610     0.2263     0.6989     0.1122     1.1679     0.2112    18.0819     0.0060         82     10.125    33.6100     6.9885     86.627    8.05884    24.7114      1.716 0.0000e+00
      7.008      6.958    15.8522    33.6270   4.221966     3.1737      8.171    80.1789     0.8836     4.0336     3.4877     0.2305     0.7745     0.1178     1.2339     0.2244    17.8531     0.0060         83     10.250    33.6239     6.9400     86.029    8.05851    24.7226      1.729 0.0000e+00
      7.232      7.181    15.8486    33.6316   4.222127     3.1631      8.172    80.2312     0.8810     4.0362     3.5684     0.2332     0.7428     0.1154     1.2137     0.2203    18.0819     0.0060         84     10.375    33.6283     6.8961     85.480    8.05887    24.7268      1.738 0.0000e+00
      7.472      7.419    15.8449    33.6290   4.221670     3.1512      8.171    79.9188     0.8966     4.0208     3.3495     0.2259     0.6457     0.1082     1.1218     0.2020    20.1419     0.0067         85     10.500    33.6273     6.8599     85.025    8.05951    24.7269      1.742 0.0000e+00
      7.722      7.667    15.8435    33.6236   4.221104     3.1402      8.171    78.9633     0.9447     3.9734     3.4094     0.2279     0.6212     0.1064     1.1275     0.2031    20.5997     0.0069         86     10.625    33.6233     6.8381     84.751    8.05993    24.7241      1.738 0.0000e+00
      7.974      7.918    15.8441    33.6191   4.220652     3.1358      8.171    78.0816     0.9897     3.9297     3.4048     0.2277     0.6406     0.1078     1.1000     0.1976    18.3108     0.0061         87     10.750    33.6187     6.8429     84.808    8.06006    24.7205      1.727 0.0000e+00
      8.220      8.162    15.8445    33.6093   4.219547     3.1427      8.171    77.9155     0.9982     3.9214     3.3472     0.2258     0.6017     0.1049     1.1019     0.1980    15.7931     0.0053         88     10.875    33.6084     6.8802     85.267    8.06050    24.7125      1.709 0.0000e+00
      8.453      8.393    15.8441    33.5905   4.217384     3.1589      8.171    77.9447     0.9967     3.9229     3.3679     0.2265     0.6406     0.1078     1.0867     0.1949    14.4198     0.0048         89     11.000    33.5894     6.9384     85.977    8.06149    24.6979      1.685 0.0000e+00
      8.667      8.606    15.8436    33.5803   4.216196     3.1788      8.172    78.2140     0.9829     3.9362     3.4624     0.2296     0.6856     0.1112     1.1160     0.2008    15.5642     0.0052         90     11.125    33.5792     6.9946     86.668    8.06208    24.6902      1.659 0.0000e+00
      8.862      8.800    15.8430    33.5930   4.217581     3.1956      8.171    78.5002     0.9683     3.9504     3.4232     0.2284     0.6927     0.1117     1.0783     0.1933    16.2509     0.0054         91     11.250    33.5920     7.0257     87.059    8.06155    24.7001      1.632 0.0000e+00
      9.040      8.976    15.8426    33.6135   4.219873     3.2069      8.171    78.0232     0.9927     3.9268     3.4048     0.2277     0.6845     0.1111     1.1309     0.2038    17.8531     0.0060         92     11.375    33.6126     7.0221     87.024    8.06060    24.7161      1.606 0.0000e+00
      9.206      9.141    15.8424    33.6253   4.221179     3.2120      8.171    78.3494     0.9760     3.9429     3.3426     0.2257     0.5946     0.1044     1.1046     0.1985    18.0819     0.0060         93     11.500    33.6244     6.9811     86.521    8.06005    24.7252      1.582 0.0000e+00
      9.370      9.304    15.8423    33.6288   4.221576     3.2111      8.171    78.7140     0.9574     3.9610     3.3610     0.2263     0.6089     0.1054     1.0920     0.1960    15.3353     0.0051         94     11.625    33.6279     6.9024     85.548    8.05989    24.7279      1.559 0.0000e+00
      9.540      9.472    15.8423    33.6294   4.221656     3.2049      8.171    78.6386     0.9612     3.9573     3.3863     0.2271     0.6784     0.1106     1.0760     0.1928    15.3353     0.0051         95     11.750    33.6286     6.7889     84.141    8.05986    24.7284      1.537 0.0000e+00
      9.722      9.653    15.8423    33.6296   4.221636     3.1947      8.172    78.3186     0.9775     3.9414     3.4624     0.2296     0.7070     0.1128     1.0855     0.1947    15.1064     0.0050         96     11.875    33.6283     6.6510     82.433    8.05987    24.7283      1.513 0.0000e+00
      9.919      9.849    15.8417    33.6302   4.221542     3.1819      8.171    78.0832     0.9896     3.9297     3.4002     0.2276     0.7991     0.1196     1.0874     0.1951    13.0465     0.0043         97     12.000    33.6279     6.5052     80.624    8.05999    24.7281      1.483 0.0000e+00
     10.129     10.057    15.8393    33.6321   4.221348     3.1669      8.171    78.2478     0.9812     3.9379     3.3472     0.2258     0.7418     0.1154     1.0951     0.1966    13.9620     0.0047         98     12.125    33.6282     6.3644     78.875    8.06036    24.7288      1.445 0.0000e+00
     10.345     10.272    15.8346    33.6339   4.221013     3.1510      8.171    78.3401     0.9764     3.9425     3.4186     0.2282     0.6212     0.1064     1.0325     0.1841    18.5397     0.0062         99     12.250    33.6291     6.2395     77.321    8.06107    24.7306      1.395 0.0000e+00
     10.559     10.485    15.8287    33.6353   4.220595     3.1342      8.170    78.5155     0.9675     3.9512     3.3357     0.2255     0.5700     0.1025     1.0470     0.1870    18.7686     0.0063        100     12.375    33.6303     6.1317     75.976    8.06196    24.7328      1.331 0.0000e+00
     10.762     10.686    15.8229    33.6419   4.220276     3.1163      8.170    78.1986     0.9837     3.9355     3.2481     0.2226     0.6559     0.1089     1.0932     0.1962    18.9975     0.0063        101     12.500    33.6323     6.0386     74.816    8.06279    24.7357      1.250 0.0000e+00
     10.945     10.867    15.8106    33.6582   4.220062     3.0980      8.170    77.8078     1.0037     3.9161     3.3794     0.2269     0.7265     0.1142     1.0768     0.1930    17.1664     0.0057        102     12.625    33.6408     5.9601     73.829    8.06434    24.7450      1.153 0.0000e+00
     11.101     11.022    15.7874    33.6760   4.219769     3.0793      8.170    76.8830     1.0515     3.8702     3.3080     0.2245     0.7643     0.1170     1.0424     0.1861    16.7086     0.0056        103     12.750    33.6579     5.8928     72.970    8.06723    24.7633      1.040 0.0000e+00
     11.227     11.147    15.7644    33.6828   4.219171     3.0606      8.170    75.8982     1.1031     3.8214     3.4094     0.2279     0.7040     0.1125     1.1092     0.1994    18.0819     0.0060        104     12.875    33.6721     5.8339     72.214    8.07022    24.7794      0.917 0.0000e+00
     11.323     11.243    15.7535    33.6734   4.217951     3.0424      8.170    74.6458     1.1697     3.7593     3.4370     0.2288     0.7040     0.1125     1.1572     0.2090    19.2264     0.0064        105     13.000    33.6705     5.7814     71.548    8.07205    24.7806      0.787 0.0000e+00
     11.394     11.313    15.7546    33.6566   4.216474     3.0249      8.169    75.5828     1.1198     3.8058     3.4048     0.2277     0.7469     0.1157     1.1244     0.2025    19.4553     0.0065        106     13.125    33.6563     5.7345     70.963    8.07257    24.7695      0.657 0.0000e+00
     11.445     11.364    15.7593    33.6483   4.215814     3.0079      8.169    77.0876     1.0409     3.8804     3.2458     0.2225     0.7582     0.1166     1.1000     0.1976    20.5997     0.0069        107     13.250    33.6464     5.6923     70.443    8.07230    24.7608      0.532 0.0000e+00
