Data/Test_Data/c5_newCTD.cnv
* Sea-Bird SBE 25plus Data File:
* FileName = C:\wq\Unit#5\C5.hex
* Software Version Seasave V 7.23.2
* Temperature SN = 5635
* Conductivity SN = 4398
* System UpLoad Time = Jan 04 2016 11:50:21
** Agency: City of San Diego
** Vessel: Oceanus
** Cruise:
** Date:
** Latitude:
** Longitude:
# nquan = 27                                
# nvalues = 183                         
# units = specified
# name 0 = prdM: Pressure, Strain Gauge [db]
# name 1 = depSM: Depth [salt water, m], lat = 33.00
# name 2 = t090C: Temperature [ITS-90, deg C]
# name 3 = sal00: Salinity, Practical [PSU]
# name 4 = c0S/m: Conductivity [S/m]
# name 5 = sbeox0V: Oxygen raw, SBE 43 [V]
# name 6 = ph: pH
# name 7 = CStarTr0: Beam Transmission, WET Labs C-Star [%]
# name 8 = CStarAt0: Beam Attenuation, WET Labs C-Star [1/m]
# name 9 = v4: Voltage 4
# name 10 = wetStar: Fluorescence, WET Labs WETstar [mg/m^3]
# name 11 = v2: Voltage 2
# name 12 = wetStar1: Fluorescence, WET Labs WETstar, 2 [mg/m^3]
# name 13 = v3: Voltage 3
# name 14 = cdomflTC0: CDOM, Turner Cyclops [ppb QS]
# name 15 = v7: Voltage 7
# name 16 = obrflTC0: Optical Brighteners, Turner Cyclops [ppb QS]
# name 17 = v6: Voltage 6
# name 18 = scan: Scan Count
# name 19 = timeS: Time, Elapsed [seconds]
# name 20 = sal00: Salinity, Practical [PSU]
# name 21 = sbeox0Mg/L: Oxygen, SBE 43 [mg/l], WS = 2
# name 22 = sbeox0PS: Oxygen, SBE 43 [% saturation], WS = 2
# name 23 = oxsatMg/L: Oxygen Saturation, Weiss [mg/l]
# name 24 = sigma-t00: Density [sigma-t, kg/m^3 ]
# name 25 = dz/dtM: Descent Rate [m/s], WS = 2
# name 26 = flag: flag
# span 0 =      0.682,     11.561       
# span 1 =      0.677,     11.479       
# span 2 =    15.7434,    15.8801       
# span 3 =    31.0122,    33.7014       
# span 4 =   3.928060,   4.223250       
# span 5 =     2.7253,     3.3430       
# span 6 =      8.164,      8.172       
# span 7 =    25.3695,    80.5035       
# span 8 =     0.8675,     5.4865       
# span 9 =     1.3159,     4.0497       
# span 10 =     3.2458,     3.6052      
# span 11 =     0.2225,     0.2344      
# span 12 =     0.5700,     1.5065      
# span 13 =     0.1025,     0.1724      
# span 14 =     0.7285,     1.5025      
# span 15 =     0.1233,     0.2781      
# span 16 =    11.4443,    27.0085      
# span 17 =     0.0038,     0.0090      
# span 18 =          1,        183      
# span 19 =      0.000,     22.750      
# span 20 =    31.0058,    33.6971      
# span 21 =     5.5342,     7.9764      
# span 22 =     68.497,     98.685      
# span 23 =    8.05563,    8.18381      
# span 24 =    22.7048,    24.8028      
# span 25 =     -1.773,      1.801      
# span 26 = 0.0000e+00, 0.0000e+00      
# interval = seconds: 0.125
# start_time = Jan 04 2016 19:50:21 [System UTC, header]
# bad_flag = -9.990e-29
*END*
      0.807      0.802    15.8738    33.5880   4.219756     2.7253      8.170    56.8217     2.2610     2.8755     3.4923     0.2306     0.6835     0.1110     1.1340     0.2044    18.9975     0.0063          1      0.000    33.5883     5.6158     69.628    8.05679    24.6903      0.000 -9.990e-29
      0.799      0.793    15.8741    33.5878   4.219778     2.7384      8.170    49.3698     2.8233     2.5060     3.4670     0.2298     0.7398     0.1152     1.0966     0.1969    20.3708     0.0068          2      0.125    33.5882     5.6520     70.078    8.05675    24.6902      0.000 -9.990e-29
      0.792      0.786    15.8748    33.5874   4.219818     2.7532      8.170    33.8799     4.3294     1.7379     3.4509     0.2293     0.7234     0.1140     1.1897     0.2155    22.4308     0.0075          3      0.250    33.5880     5.6930     70.587    8.05665    24.6899      0.000 -9.990e-29
      0.789      0.783    15.8756    33.5874   4.219892     2.7688      8.170    25.3695     5.4865     1.3159     3.4301     0.2286     0.6672     0.1098     1.2347     0.2245    20.1419     0.0067          4      0.375    33.5879     5.7362     71.123    8.05652    24.6897      0.000 -9.990e-29
      0.792      0.786    15.8764    33.5880   4.220007     2.7869      8.170    36.3711     4.0456     1.8614     3.4509     0.2293     0.7387     0.1151     1.1279     0.2032    18.0819     0.0060          5      0.500    33.5883     5.7863     71.745    8.05638    24.6898      0.000 -9.990e-29
      0.801      0.795    15.8768    33.5887   4.220110     2.8102      8.170    63.7057     1.8036     3.2168     3.4808     0.2303     0.7377     0.1151     1.0771     0.1930    16.0220     0.0053          6      0.625    33.5889     5.8508     72.546    8.05628    24.6901      0.000 -9.990e-29
      0.812      0.806    15.8769    33.5888   4.220113     2.8377      8.170    70.3159     1.4087     3.5446     3.4163     0.2281     0.6876     0.1113     1.0176     0.1811    17.8531     0.0060          7      0.750    33.5888     5.9270     73.492    8.05627    24.6901      0.000 -9.990e-29
      0.821      0.816    15.8766    33.5889   4.220012     2.8658      8.170    58.7589     2.1269     2.9715     3.5108     0.2313     0.5864     0.1038     0.9970     0.1770    20.3708     0.0068          8      0.875    33.5881     6.0050     74.458    8.05635    24.6896      0.000 -9.990e-29
      0.824      0.818    15.8753    33.5898   4.219889     2.8930      8.170    51.6379     2.6437     2.6184     3.3817     0.2270     0.6426     0.1080     1.0405     0.1857    21.2863     0.0071          9      1.000    33.5882     6.8225     84.592    8.05656    24.6899     -0.015 -9.990e-29
      0.817      0.812    15.8727    33.5915   4.219809     2.9166      8.170    61.4454     1.9481     3.1048     3.3910     0.2273     0.7602     0.1167     1.0790     0.1934    23.1174     0.0077         10      1.125    33.5897     6.8220     84.582    8.05690    24.6917     -0.003 -9.990e-29
      0.801      0.795    15.8700    33.5929   4.219801     2.9352      8.170    65.4060     1.6982     3.3011     3.5983     0.2341     0.6805     0.1108     1.0718     0.1920    21.5152     0.0072         11      1.250    33.5919     6.7874     84.150    8.05722    24.6940      0.011 -9.990e-29
      0.779      0.773    15.8687    33.5930   4.219867     2.9502      8.169    69.5835     1.4506     3.5083     3.4140     0.2280     0.6345     0.1073     1.0939     0.1964    18.9975     0.0063         12      1.375    33.5936     6.7257     83.384    8.05735    24.6956      0.027 -9.990e-29
      0.759      0.753    15.8698    33.5920   4.219991     2.9621      8.169    66.1445     1.6533     3.3378     3.4278     0.2285     0.7009     0.1123     1.0947     0.1965    22.2019     0.0074         13      1.500    33.5938     6.6418     82.345    8.05716    24.6955      0.041 -9.990e-29
      0.748      0.743    15.8728    33.5913   4.220187     2.9695      8.170    70.5313     1.3965     3.5553     3.4946     0.2307     0.8072     0.1202     1.1061     0.1988    20.8286     0.0069         14      1.625    33.5930     6.5378     81.061    8.05672    24.6942      0.051 -9.990e-29
      0.754      0.749    15.8755    33.5926   4.220516     2.9720      8.170    70.1820     1.4163     3.5380     3.5661     0.2331     0.8808     0.1257     1.1717     0.2119    18.9975     0.0063         15      1.750    33.5936     6.4211     79.617    8.05626    24.6941      0.057 -9.990e-29
      0.777      0.772    15.8771    33.5958   4.220974     2.9702      8.170    64.2073     1.7722     3.2417     3.4486     0.2292     0.8563     0.1239     1.3842     0.2544    20.5997     0.0069         16      1.875    33.5963     6.3018     78.142    8.05587    24.6958      0.058 -9.990e-29
      0.812      0.807    15.8778    33.5984   4.221306     2.9646      8.170    65.1213     1.7157     3.2870     3.5361     0.2321     0.8297     0.1219     1.3976     0.2571    21.9730     0.0073         17      2.000    33.5986     6.1873     76.725    8.05564    24.6974      0.053 0.0000e+00
      0.852      0.846    15.8780    33.5979   4.221240     2.9558      8.170    70.6467     1.3899     3.5610     3.4877     0.2305     0.7030     0.1125     1.4357     0.2647    24.7196     0.0082         18      2.125    33.5979     6.0838     75.441    8.05565    24.6968      0.042 0.0000e+00
      0.887      0.881    15.8777    33.5954   4.220884     2.9454      8.171    75.8675     1.1047     3.8199     3.4324     0.2287     0.6068     0.1053     1.2595     0.2295    24.4907     0.0082         19      2.250    33.5949     5.9964     74.356    8.05584    24.6946      0.025 -9.990e-29
      0.910      0.904    15.8768    33.5940   4.220550     2.9340      8.170    76.2229     1.0860     3.8375     3.3564     0.2261     0.6917     0.1116     1.2663     0.2309    21.2863     0.0071         20      2.375    33.5927     5.9252     73.470    8.05609    24.6931      0.004 -9.990e-29
      0.918      0.912    15.8746    33.5948   4.220355     2.9229      8.170    75.4797     1.1252     3.8006     3.4716     0.2300     0.6692     0.1099     1.1111     0.1998    22.6596     0.0076         21      2.500    33.5929     5.8718     72.806    8.05644    24.6937     -0.022 -9.990e-29
      0.909      0.903    15.8715    33.5969   4.220306     2.9129      8.170    76.4676     1.0732     3.8496     3.4992     0.2309     0.5956     0.1044     1.1084     0.1993    21.9730     0.0073         22      2.625    33.5951     5.8360     72.358    8.05683    24.6961     -0.051 -9.990e-29
      0.885      0.878    15.8690    33.5986   4.220428     2.9033      8.170    77.4892     1.0201     3.9003     3.4163     0.2281     0.7336     0.1147     0.9047     0.1585    18.3108     0.0061         23      2.750    33.5983     5.8121     72.059    8.05707    24.6991     -0.080 -9.990e-29
      0.848      0.842    15.8689    33.5987   4.220667     2.8953      8.170    77.3138     1.0292     3.8916     3.4693     0.2299     0.7224     0.1139     0.8284     0.1433    16.0220     0.0053         24      2.875    33.6005     5.7990     71.899    8.05698    24.7009     -0.105 -9.990e-29
      0.806      0.800    15.8718    33.5977   4.220892     2.8894      8.170    77.0015     1.0454     3.8761     3.5108     0.2313     0.7009     0.1123     1.0497     0.1875    15.5642     0.0052         25      3.000    33.6001     5.7948     71.850    8.05654    24.6999     -0.124 -9.990e-29
      0.764      0.758    15.8754    33.5968   4.221032     2.8856      8.171    74.0734     1.2005     3.7309     3.5223     0.2316     0.6958     0.1119     1.5025     0.2781    20.5997     0.0069         26      3.125    33.5983     5.7961     71.871    8.05605    24.6977     -0.136 -9.990e-29
      0.729      0.724    15.8775    33.5964   4.221065     2.8830      8.171    76.4537     1.0739     3.8489     3.5592     0.2329     0.6937     0.1118     1.4792     0.2734    22.8885     0.0076         27      3.250    33.5968     5.7983     71.900    8.05578    24.6961     -0.138 -9.990e-29
      0.703      0.698    15.8781    33.5955   4.220985     2.8809      8.171    74.8166     1.1605     3.7678     3.5154     0.2314     0.6508     0.1086     1.4804     0.2737    23.5752     0.0079         28      3.375    33.5956     5.7983     71.900    8.05575    24.6950     -0.132 -9.990e-29
      0.688      0.683    15.8781    33.5945   4.220858     2.8779      8.171    77.4846     1.0204     3.9001     3.5315     0.2319     0.6426     0.1080     1.3072     0.2390    25.6352     0.0085         29      3.500    33.5944     5.7911     71.810    8.05580    24.6941     -0.118 -9.990e-29
      0.682      0.677    15.8779    33.5938   4.220753     2.8731      8.171    77.1477     1.0378     3.8833     3.4785     0.2302     0.6948     0.1118     1.2686     0.2313    24.0330     0.0080         30      3.625    33.5937     5.7744     71.603    8.05587    24.6936     -0.099 -9.990e-29
      0.685      0.680    15.8776    33.5935   4.220666     2.8669      8.171    79.8804     0.8986     4.0188     3.4439     0.2290     0.6651     0.1096     1.3289     0.2434    24.7196     0.0082         31      3.750    33.5932     5.7504     71.304    8.05594    24.6933     -0.076 -9.990e-29
      0.691      0.686    15.8770    33.5936   4.220568     2.8594      8.171    79.8573     0.8997     4.0177     3.4693     0.2299     0.6396     0.1077     1.3430     0.2462    27.0085     0.0090         32      3.875    33.5928     5.7209     70.938    8.05606    24.6931     -0.051 -9.990e-29
      0.696      0.691    15.8757    33.5943   4.220464     2.8512      8.171    78.2447     0.9813     3.9377     3.5131     0.2313     0.6498     0.1085     1.2625     0.2301    20.8286     0.0069         33      4.000    33.5930     5.6915     70.572    8.05626    24.6936     -0.026 -9.990e-29
      0.698      0.693    15.8737    33.5958   4.220386     2.8424      8.171    77.9862     0.9946     3.9249     3.5292     0.2319     0.7162     0.1135     1.1798     0.2136    18.5397     0.0062         34      4.125    33.5940     5.6657     70.250    8.05653    24.6948     -0.004 -9.990e-29
      0.695      0.690    15.8712    33.5975   4.220376     2.8338      8.171    77.9939     0.9942     3.9253     3.5730     0.2333     0.7714     0.1176     1.1382     0.2052    14.6487     0.0049         35      4.250    33.5960     5.6478     70.025    8.05683    24.6969      0.015 -9.990e-29
      0.691      0.686    15.8694    33.5984   4.220454     2.8257      8.171    78.3094     0.9780     3.9409     3.4578     0.2295     0.7561     0.1164     0.8547     0.1485    12.5887     0.0042         36      4.375    33.5982     5.6403     69.930    8.05701    24.6990      0.030 -9.990e-29
      0.687      0.682    15.8694    33.5979   4.220573     2.8178      8.170    77.2800     1.0309     3.8899     3.4255     0.2284     0.8246     0.1215     0.7285     0.1233    18.3108     0.0061         37      4.500    33.5993     5.6449     69.987    8.05696    24.6998      0.041 -9.990e-29
      0.687      0.682    15.8717    33.5962   4.220683     2.8103      8.171    79.0372     0.9410     3.9770     3.5015     0.2309     0.6651     0.1096     0.9020     0.1580    18.3108     0.0061         38      4.625    33.5983     5.6650     70.239    8.05664    24.6986      0.051 -9.990e-29
      0.694      0.689    15.8750    33.5945   4.220785     2.8032      8.171    77.9324     0.9973     3.9223     3.5592     0.2329     0.6477     0.1083     1.0768     0.1930    17.6242     0.0059         39      4.750    33.5964     5.7009     70.688    8.05620    24.6964      0.061 -9.990e-29
      0.706      0.701    15.8777    33.5933   4.220850     2.7980      8.171    78.1109     0.9882     3.9311     3.6052     0.2344     0.7142     0.1133     1.1149     0.2006    16.7086     0.0056         40      4.875    33.5947     5.7554     71.368    8.05585    24.6944      0.072 -9.990e-29
      0.721      0.716    15.8796    33.5924   4.220825     2.7963      8.171    75.4967     1.1243     3.8015     3.5822     0.2336     0.7224     0.1139     1.0577     0.1891    13.2753     0.0044         41      5.000    33.5929     5.8286     72.277    8.05564    24.6926      0.086 -9.990e-29
      0.738      0.732    15.8801    33.5922   4.220721     2.7969      8.171    78.3401     0.9764     3.9425     3.4923     0.2306     0.7929     0.1192     1.0424     0.1861    15.1064     0.0050         42      5.125    33.5915     5.9115     73.305    8.05563    24.6914      0.102 -9.990e-29
      0.753      0.747    15.8788    33.5932   4.220610     2.7985      8.171    78.2817     0.9794     3.9396     3.6052     0.2344     0.7694     0.1174     1.0573     0.1891    17.6242     0.0059         43      5.250    33.5916     5.9946     74.333    8.05583    24.6918      0.121 -9.990e-29
      0.767      0.761    15.8762    33.5948   4.220524     2.8015      8.170    79.1126     0.9372     3.9808     3.5822     0.2336     0.6518     0.1086     0.9448     0.1666    20.8286     0.0069         44      5.375    33.5931     6.0742     75.318    8.05617    24.6935      0.143 -9.990e-29
      0.781      0.775    15.8736    33.5961   4.220474     2.8080      8.171    80.0850     0.8883     4.0290     3.5499     0.2325     0.6723     0.1102     1.0035     0.1783    16.9375     0.0056         45      5.500    33.5948     6.1524     76.284    8.05650    24.6954      0.169 -9.990e-29
      0.797      0.791    15.8717    33.5970   4.220458     2.8200      8.170    79.0356     0.9411     3.9770     3.4532     0.2293     0.7091     0.1129     0.9944     0.1765    20.1419     0.0067         46      5.625    33.5963     6.2324     77.273    8.05674    24.6970      0.203 -9.990e-29
      0.816      0.811    15.8709    33.5971   4.220459     2.8361      8.171    78.4648     0.9701     3.9487     3.4347     0.2287     0.8175     0.1210     1.0268     0.1830    20.5997     0.0069         47      5.750    33.5970     6.3083     78.214    8.05683    24.6977      0.246 -9.990e-29
      0.840      0.834    15.8710    33.5970   4.220460     2.8547      8.171    79.4403     0.9207     3.9970     3.4578     0.2295     0.7459     0.1157     0.9158     0.1608    19.6841     0.0066         48      5.875    33.5969     6.3746     79.036    8.05682    24.6976      0.301 -9.990e-29
      0.868      0.862    15.8710    33.5973   4.220463     2.8723      8.170    76.9584     1.0476     3.8740     3.4439     0.2290     0.7490     0.1159     0.8940     0.1564    16.0220     0.0053         49      6.000    33.5969     6.4212     79.614    8.05682    24.6976      0.371 -9.990e-29
      0.900      0.894    15.8706    33.5974   4.220484     2.8871      8.170    78.1432     0.9865     3.9327     3.3817     0.2270     0.7326     0.1147     1.0085     0.1793    13.2753     0.0044         50      6.125    33.5974     6.4442     79.899    8.05686    24.6981      0.454 0.0000e+00
      0.940      0.933    15.8708    33.5964   4.220519     2.8981      8.170    80.2881     0.8782     4.0391     3.3979     0.2275     0.7541     0.1163     1.1256     0.2027    11.4443     0.0038         51      6.250    33.5975     6.4423     79.875    8.05682    24.6982      0.548 0.0000e+00
      0.992      0.985    15.8728    33.5932   4.220455     2.9057      8.170    80.2173     0.8817     4.0356     3.4509     0.2293     0.7183     0.1136     1.0672     0.1910    12.3598     0.0041         52      6.375    33.5952     6.4210     79.614    8.05661    24.6959      0.652 0.0000e+00
      1.063      1.055    15.8760    33.5845   4.219714     2.9102      8.170    79.3680     0.9243     3.9934     3.3264     0.2251     0.6866     0.1112     1.1378     0.2052    13.0465     0.0043         53      6.500    33.5859     6.3914     79.247    8.05656    24.6880      0.761 0.0000e+00
