Data/Test_Data/c5_newCTD.cnv
* Sea-Bird SBE 25plus Data File:
* FileName = C:\wq\Unit#5\C5.hex
* Software Version Seasave V 7.23.2
* Temperature SN = 5635
* Conductivity SN = 4398
* System UpLoad Time = Jan 04 2016 11:50:21
** Agency: City of San Diego
** Vessel: Oceanus
** Cruise:
** Date:
** Latitude:
** Longitude:
# nquan = 27                                
# nvalues = 183                         
# units = specified
# name 0 = prdM: Pressure, Strain Gauge [db]
# name 1 = depSM: Depth [salt water, m], lat = 33.00
# name 2 = t090C: Temperature [ITS-90, deg C]
# name 3 = sal00: Salinity, Practical [PSU]
# name 4 = c0S/m: Conductivity [S/m]
# name 5 = sbeox0V: Oxygen raw, SBE 43 [V]
# name 6 = ph: pH
# name 7 = CStarTr0: Beam Transmission, WET Labs C-Star [%]
# name 8 = CStarAt0: Beam Attenuation, WET Labs C-Star [1/m]
# name 9 = v4: Voltage 4
# name 10 = wetStar: Fluorescence, WET Labs WETstar [mg/m^3]
# name 11 = v2: Voltage 2
# name 12 = wetStar1: Fluorescence, WET Labs WETstar, 2 [mg/m^3]
# name 13 = v3: Voltage 3
# name 14 = cdomflTC0: CDOM, Turner Cyclops [ppb QS]
# name 15 = v7: Voltage 7
# name 16 = obrflTC0: Optical Brighteners, Turner Cyclops [ppb QS]
# name 17 = v6: Voltage 6
# name 18 = scan: Scan Count
# name 19 = timeS: Time, Elapsed [seconds]
# name 20 = sal00: Salinity, Practical [PSU]
# name 21 = sbeox0Mg/L: Oxygen, SBE 43 [mg/l], WS = 2
# name 22 = sbeox0PS: Oxygen, SBE 43 [% saturation], WS = 2
# name 23 = oxsatMg/L: Oxygen Saturation, Weiss [mg/l]
# name 24 = sigma-t00: Density [sigma-t, kg/m^3 ]
# name 25 = dz/dtM: Descent Rate [m/s], WS = 2
# name 26 = flag: flag
# span 0 =      0.682,     11.561       
# span 1 =      0.677,     11.479       
# span 2 =    15.7434,    15.8801       
# span 3 =    31.0122,    33.7014       
# span 4 =   3.928060,   4.223250       
# span 5 =     2.7253,     3.3430       
# span 6 =      8.164,      8.172       
# span 7 =    25.3695,    80.5035       
# span 8 =     0.8675,     5.4865       
# span 9 =     1.3159,     4.0497       
# span 10 =     3.2458,     3.6052      
# span 11 =     0.2225,     0.2344      
# span 12 =     0.5700,     1.5065      
# span 13 =     0.1025,     0.1724      
# span 14 =     0.7285,     1.5025      
# span 15 =     0.1233,     0.2781      
# span 16 =    11.4443,    27.0085      
# span 17 =     0.0038,     0.0090      
# span 18 =          1,        183      
# span 19 =      0.000,     22.750      
# span 20 =    31.0058,    33.6971      
# span 21 =     5.5342,     7.9764      
# span 22 =     68.497,     98.685      
# span 23 =    8.05563,    8.18381      
# span 24 =    22.7048,    24.8028      
# span 25 =     -1.773,      1.801      
# span 26 = 0.0000e+00, 0.0000e+00      
# interval = seconds: 0.125
# start_time = Jan 04 2016 19:50:21 [System UTC, header]
# bad_flag = -9.990e-29
*END*
[from data line 108]
     11.504     11.423    15.7605    33.6573   4.216614     2.9747      8.169    78.1186     0.9878     3.9315     3.3979     0.2275     0.8880     0.1263     1.0356     0.1847    16.4797     0.0055        109     13.500    33.6525     5.6230     69.589    8.07181    24.7653      0.320 -9.990e-29
     11.519     11.438    15.7581    33.6614   4.216841     2.9585      8.168    77.8170     1.0032     3.9165     3.3518     0.2260     0.9074     0.1277     1.0096     0.1795    18.3108     0.0061        110     13.625    33.6566     5.5963     69.258    8.07200    24.7689      0.239 -9.990e-29
     11.529     11.447    15.7558    33.6700   4.217632     2.9420      8.168    77.1692     1.0367     3.8844     3.4094     0.2279     0.8563     0.1239     0.9982     0.1772    23.5752     0.0079        111     13.750    33.6656     5.5734     68.976    8.07192    24.7764      0.174 -9.990e-29
     11.535     11.453    15.7541    33.6837   4.219056     2.9255      8.168    77.1215     1.0392     3.8820     3.4278     0.2285     1.0608     0.1392     1.0180     0.1812    24.0330     0.0080        112     13.875    33.6798     5.5549     68.749    8.07150    24.7876      0.124 -9.990e-29
     11.539     11.457    15.7531    33.6932   4.220073     2.9087      8.168    77.3831     1.0256     3.8950     3.4025     0.2277     0.9943     0.1342     1.0657     0.1907    20.1419     0.0067        113     14.000    33.6897     5.5408     68.578    8.07117    24.7955      0.088 -9.990e-29
     11.543     11.461    15.7527    33.6962   4.220425     2.8925      8.167    76.9722     1.0469     3.8746     3.4555     0.2294     0.8594     0.1241     1.0081     0.1792    20.1419     0.0067        114     14.125    33.6932     5.5342     68.497    8.07107    24.7983      0.060 -9.990e-29
     11.547     11.465    15.7530    33.6952   4.220504     2.8777      8.167    72.9532     1.2614     3.6754     3.4370     0.2288     0.8573     0.1240     1.0264     0.1829    18.9975     0.0063        115     14.250    33.6936     5.5369     68.531    8.07100    24.7985      0.038 -9.990e-29
     11.551     11.469    15.7553    33.6902   4.220491     2.8643      8.167    75.2766     1.1360     3.7906     3.3357     0.2255     0.9084     0.1278     1.0188     0.1814    16.4797     0.0055        116     14.375    33.6915     5.5495     68.689    8.07073    24.7964      0.020 -9.990e-29
     11.555     11.473    15.7617    33.6806   4.220438     2.8534      8.167    75.4320     1.1278     3.7983     3.3034     0.2244     0.8399     0.1227     1.0245     0.1825    16.9375     0.0056        117     14.500    33.6856     5.5798     69.070    8.06999    24.7904      0.002 -9.990e-29
     11.559     11.477    15.7730    33.6683   4.220383     2.8435      8.167    73.9380     1.2078     3.7242     3.4140     0.2280     0.7858     0.1186     1.0367     0.1849    17.1664     0.0057        118     14.625    33.6755     5.6303     69.707    8.06868    24.7801     -0.018 -9.990e-29
     11.561     11.479    15.7868    33.6568   4.220350     2.8357      8.167    72.8455     1.2673     3.6700     3.4877     0.2305     0.8042     0.1200     1.0153     0.1807    20.1419     0.0067        119     14.750    33.6634     5.7086     70.690    8.06705    24.7677     -0.039 -9.990e-29
     11.561     11.479    15.7992    33.6479   4.220341     2.8294      8.166    71.4299     1.3458     3.5998     3.4486     0.2292     0.7939     0.1192     0.9848     0.1746    18.5397     0.0062        120     14.875    33.6528     5.8127     71.992    8.06559    24.7567     -0.063 -9.990e-29
     11.557     11.475    15.8083    33.6425   4.220365     2.8256      8.166    69.7743     1.4396     3.5177     3.3979     0.2275     0.9238     0.1289     0.9974     0.1771    18.5397     0.0062        121     15.000    33.6452     5.9426     73.611    8.06450    24.7489     -0.089 -9.990e-29
     11.548     11.467    15.8137    33.6414   4.220436     2.8234      8.166    68.1217     1.5355     3.4358     3.3933     0.2274     0.8246     0.1215     0.9886     0.1753    17.8531     0.0060        122     15.125    33.6413     6.0908     75.453    8.06382    24.7446     -0.116 -9.990e-29
     11.534     11.453    15.8147    33.6439   4.220563     2.8221      8.167    66.3169     1.6429     3.3463     3.4486     0.2292     0.8011     0.1198     1.0405     0.1857    15.7931     0.0053        123     15.250    33.6416     6.2481     77.403    8.06365    24.7446     -0.144 -9.990e-29
     11.514     11.433    15.8123    33.6504   4.220742     2.8233      8.167    64.5443     1.7513     3.2584     3.3702     0.2266     0.8890     0.1263     1.0546     0.1885    16.2509     0.0054        124     15.375    33.6452     6.4115     79.426    8.06386    24.7480     -0.170 -9.990e-29
     11.487     11.406    15.8058    33.6618   4.220880     2.8323      8.166    64.5659     1.7499     3.2595     3.3748     0.2267     0.8860     0.1261     1.0081     0.1792    18.7686     0.0063        125     15.500    33.6520     6.5912     81.645    8.06457    24.7547     -0.194 -9.990e-29
     11.453     11.372    15.7929    33.6746   4.220878     2.8525      8.166    63.9319     1.7894     3.2280     3.3748     0.2267     0.7612     0.1168     1.0394     0.1855    19.9130     0.0066        126     15.625    33.6630     6.7959     84.164    8.06610    24.7660     -0.213 0.0000e+00
     11.416     11.335    15.7781    33.6845   4.220761     2.8821      8.166    63.3303     1.8272     3.1982     3.4324     0.2287     0.9248     0.1290     1.1054     0.1987    19.9130     0.0066        127     15.750    33.6745     7.0169     86.882    8.06790    24.7782     -0.227 0.0000e+00
     11.377     11.296    15.7665    33.6919   4.220619     2.9174      8.166    61.0592     1.9733     3.0856     3.3933     0.2274     0.8819     0.1258     1.1195     0.2015    20.1419     0.0067        128     15.875    33.6832     7.2387     89.612    8.06934    24.7875     -0.235 0.0000e+00
     11.337     11.257    15.7572    33.6975   4.220502     2.9555      8.165    60.6561     1.9998     3.0656     3.3333     0.2254     0.8226     0.1214     1.1328     0.2042    21.0575     0.0070        129     16.000    33.6901     7.4467     92.175    8.07050    24.7949     -0.236 0.0000e+00
     11.299     11.219    15.7502    33.7011   4.220412     2.9947      8.165    60.4714     2.0120     3.0565     3.3794     0.2269     0.7766     0.1180     1.1263     0.2029    20.5997     0.0069        130     16.125    33.6953     7.6310     94.446    8.07136    24.8004     -0.231 0.0000e+00
     11.263     11.183    15.7460    33.7014   4.220219     3.0311      8.165    61.8639     1.9209     3.1255     3.4462     0.2291     0.8042     0.1200     1.1004     0.1977    21.2863     0.0071        131     16.250    33.6971     7.7761     96.235    8.07195    24.8028     -0.220 0.0000e+00
     11.231     11.152    15.7442    33.6973   4.219688     3.0637      8.165    61.9670     1.9143     3.1306     3.4601     0.2296     0.8430     0.1229     1.0867     0.1949    21.5152     0.0072        132     16.375    33.6940     7.8758     97.463    8.07239    24.8008     -0.205 -9.990e-29
     11.205     11.126    15.7437    33.6884   4.218649     3.0948      8.165    61.3731     1.9528     3.1012     3.3126     0.2247     0.9759     0.1328     1.0748     0.1926    21.2863     0.0071        133     16.500    33.6851     7.9349     98.188    8.07291    24.7941     -0.189 -9.990e-29
     11.183     11.104    15.7434    33.6750   4.217158     3.1271      8.165    61.8239     1.9235     3.1235     3.4555     0.2294     0.8338     0.1222     1.1027     0.1981    20.3708     0.0068        134     16.625    33.6721     7.9658     98.562    8.07360    24.7841     -0.172 -9.990e-29
     11.167     11.088    15.7435    33.6602   4.215586     3.1600      8.165    62.8395     1.8583     3.1739     3.4601     0.2296     1.0342     0.1372     1.0844     0.1945    20.3708     0.0068        135     16.750    33.6580     7.9764     98.685    8.07428    24.7733     -0.159 -9.990e-29
     11.156     11.078    15.7445    33.6484   4.214378     3.1904      8.165    62.9764     1.8496     3.1807     3.5062     0.2311     1.1190     0.1435     1.0897     0.1955    18.5397     0.0062        136     16.875    33.6464     7.9668     98.561    8.07469    24.7641     -0.149 -9.990e-29
     11.149     11.071    15.7455    33.6408   4.213599     3.2162      8.165    62.5656     1.8758     3.1603     3.4670     0.2298     0.9401     0.1302     1.1363     0.2049    19.4553     0.0065        137     17.000    33.6386     7.9388     98.212    8.07491    24.7579     -0.144 -9.990e-29
     11.143     11.064    15.7460    33.6306   4.212829     3.2368      8.165    62.0070     1.9117     3.1326     3.3103     0.2246     0.9044     0.1275     1.1077     0.1991    21.2863     0.0071        138     17.125    33.6313     7.8950     97.667    8.07519    24.7521     -0.146 -9.990e-29
     11.135     11.057    15.7507    33.6140   4.212175     3.2534      8.164    61.8439     1.9222     3.1245     3.4140     0.2280     1.1231     0.1438     1.0676     0.1911    20.5997     0.0069        139     17.250    33.6214     7.8427     97.024    8.07492    24.7435     -0.153 -9.990e-29
     11.124     11.045    15.7651    33.6014   4.212459     3.2670      8.164    61.3008     1.9575     3.0976     3.3840     0.2271     1.0608     0.1392     1.0878     0.1952    19.4553     0.0065        140     17.375    33.6117     7.7854     96.336    8.07308    24.7328     -0.167 -9.990e-29
     11.107     11.028    15.7830    33.6029   4.213794     3.2775      8.164    61.4946     1.9449     3.1072     3.4186     0.2282     1.1037     0.1424     1.0294     0.1835    20.5997     0.0069        141     17.500    33.6084     7.7235     95.602    8.07037    24.7262     -0.189 -9.990e-29
     11.084     11.005    15.7930    33.6144   4.215354     3.2860      8.164    62.6010     1.8736     3.1621     3.4808     0.2303     1.0894     0.1413     1.0417     0.1859    21.2863     0.0071        142     17.625    33.6138     7.6638     94.885    8.06849    24.7282     -0.218 -9.990e-29
     11.055     10.977    15.7935    33.6248   4.216315     3.2936      8.164    63.0333     1.8460     3.1835     3.4647     0.2297     0.9207     0.1287     1.0615     0.1899    18.3108     0.0061        143     17.750    33.6219     7.6124     94.254    8.06801    24.7343     -0.254 -9.990e-29
     11.023     10.945    15.7907    33.6288   4.216553     3.2999      8.164    63.5903     1.8108     3.2111     3.3886     0.2272     0.9493     0.1308     1.0737     0.1923    17.1664     0.0057        144     17.875    33.6264     7.5700     93.727    8.06824    24.7384     -0.298 0.0000e+00
     10.986     10.908    15.7887    33.6295   4.216462     3.3059      8.165    64.3858     1.7611     3.2506     3.2919     0.2240     1.0638     0.1394     1.1424     0.2061    20.1419     0.0067        145     18.000    33.6274     7.5393     93.343    8.06852    24.7396     -0.348 0.0000e+00
     10.945     10.867    15.7870    33.6308   4.216321     3.3099      8.165    63.5749     1.8118     3.2103     3.3195     0.2249     0.9381     0.1300     1.1557     0.2087    17.1664     0.0057        146     18.125    33.6276     7.5136     93.022    8.06878    24.7401     -0.406 0.0000e+00
     10.898     10.821    15.7838    33.6331   4.216137     3.3141      8.165    64.4474     1.7573     3.2536     3.4416     0.2290     0.9371     0.1299     1.1420     0.2060    11.4443     0.0038        147     18.250    33.6287     7.4950     92.786    8.06924    24.7417     -0.472 0.0000e+00
     10.844     10.767    15.7789    33.6348   4.215849     3.3192      8.166    64.9198     1.7281     3.2770     3.4209     0.2283     1.1722     0.1475     1.0771     0.1930    11.6732     0.0039        148     18.375    33.6303     7.4824     92.622    8.06995    24.7440     -0.547 0.0000e+00
     10.781     10.705    15.7741    33.6347   4.215478     3.3244      8.165    64.3012     1.7664     3.2464     3.3426     0.2257     1.0076     0.1352     1.0588     0.1894    14.1909     0.0047        149     18.500    33.6311     7.4717     92.481    8.07068    24.7457     -0.630 0.0000e+00
     10.708     10.632    15.7708    33.6339   4.215128     3.3299      8.165    65.2383     1.7085     3.2928     3.4462     0.2291     0.9432     0.1304     1.1275     0.2031    16.7086     0.0056        150     18.625    33.6308     7.4614     92.348    8.07122    24.7462     -0.722 0.0000e+00
     10.624     10.549    15.7683    33.6334   4.214845     3.3340      8.165    66.8693     1.6097     3.3737     3.5315     0.2319     1.0608     0.1392     1.0947     0.1965    15.1064     0.0050        151     18.750    33.6304     7.4465     92.159    8.07164    24.7465     -0.820 0.0000e+00
     10.526     10.452    15.7661    33.6323   4.214606     3.3373      8.165    66.9000     1.6079     3.3752     3.4739     0.2300 -9.990e-29 -9.990e-29     1.1115     0.1999    14.8775     0.0050        152     18.875    33.6302     7.4294     91.944    8.07201    24.7468     -0.922 0.0000e+00
     10.413     10.340    15.7652    33.6306   4.214426     3.3402      8.165    66.6723     1.6215     3.3639     3.3910     0.2273 -9.990e-29 -9.990e-29     1.0371     0.1850    15.3353     0.0051        153     19.000    33.6294     7.4127     91.734    8.07219    24.7464     -1.025 0.0000e+00
     10.281     10.208    15.7658    33.6292   4.214347     3.3428      8.165    64.6197     1.7466     3.2621     3.3149     0.2248 -9.990e-29 -9.990e-29     0.9692     0.1714    13.0465     0.0043        154     19.125    33.6283     7.3979     91.552    8.07215    24.7454     -1.126 0.0000e+00
     10.128     10.056    15.7667    33.6287   4.214342     3.3430      8.164    64.8998     1.7293     3.2760     3.3656     0.2264 -9.990e-29 -9.990e-29     1.0062     0.1788    12.1309     0.0040        155     19.250    33.6275     7.3777     91.303    8.07204    24.7446     -1.221 0.0000e+00
      9.955      9.884    15.7672    33.6279   4.214345     3.3416      8.164    65.1429     1.7143     3.2881     3.4647     0.2297 -9.990e-29 -9.990e-29     1.0748     0.1926    14.8775     0.0050        156     19.375    33.6272     7.3544     91.015    8.07198    24.7443     -1.309 0.0000e+00
      9.764      9.695    15.7683    33.6247   4.214373     3.3393      8.164    64.7890     1.7361     3.2705     3.4462     0.2291 -9.990e-29 -9.990e-29     1.1324     0.2041    18.7686     0.0063        157     19.500    33.6266     7.3304     90.719    8.07183    24.7435     -1.387 0.0000e+00
      9.562      9.494    15.7731    33.6196   4.214586     3.3363      8.164    66.9400     1.6055     3.3772     3.5615     0.2329 -9.990e-29 -9.990e-29     1.1954     0.2167    18.7686     0.0063        158     19.625    33.6245     7.3048     90.411    8.07117    24.7408     -1.455 0.0000e+00
      9.352      9.286    15.7821    33.6156   4.215114     3.3333      8.164    70.2621     1.4118     3.5419     3.5707     0.2332 -9.990e-29 -9.990e-29     1.1798     0.2136    17.8531     0.0060        159     19.750    33.6216     7.2802     90.120    8.06986    24.7366     -1.514 0.0000e+00
      9.142      9.077    15.7923    33.6147   4.215872     3.3309      8.164    72.3716     1.2934     3.6465 -9.990e-29 -9.990e-29 -9.990e-29 -9.990e-29     1.1359     0.2048    21.7441     0.0072        160     19.875    33.6197     7.2614     89.904    8.06831    24.7329     -1.564 0.0000e+00
      8.933      8.870    15.8007    33.6162   4.216627     3.3304      8.164    74.5273     1.1760     3.7534 -9.990e-29 -9.990e-29 -9.990e-29 -9.990e-29     1.0996     0.1975    21.0575     0.0070        161     20.000    33.6194     7.2539     89.826    8.06698    24.7307     -1.607 0.0000e+00
