Data/Test_Data/c8.cnv
* Sea-Bird SBE 25 Data File:
* FileName = C:\wq\Unit#4\C8.hex
* Software Version Seasave V 7.23.2
* Temperature SN = 1180
* Conductivity SN = 1027
* System UpLoad Time = Jul 29 2015 08:54:16
* Real-Time Sample Interval = 0.1250 seconds
* System UTC = Jul 29 2015 15:54:16
# nquan = 20                                
# nvalues = 392                         
# units = specified
# name 0 = depSM: Depth [salt water, m], lat = 33.00
# name 1 = prSM: Pressure, Strain Gauge [db]
# name 2 = t090C: Temperature [ITS-90, deg C]
# name 3 = sal00: Salinity, Practical [PSU]
# name 4 = c0S/m: Conductivity [S/m]
# name 5 = sbeox0V: Oxygen raw, SBE 43 [V]
# name 6 = ph: pH
# name 7 = xmiss: Beam Transmission, Chelsea/Seatech [%]
# name 8 = wetStar: Fluorescence, WET Labs WETstar [mg/m^3]
# name 9 = v4: Voltage 4
# name 10 = bat: Beam Attenuation, Chelsea/Seatech [1/m]
# name 11 = scan: Scan Count
# name 12 = timeS: Time, Elapsed [seconds]
# name 13 = sal00: Salinity, Practical [PSU]
# name 14 = sigma-t00: Density [sigma-t, kg/m^3 ]
# name 15 = sbeox0Mg/L: Oxygen, SBE 43 [mg/l], WS = 2
# name 16 = sbeox0PS: Oxygen, SBE 43 [% saturation], WS = 2
# name 17 = oxsatMg/L: Oxygen Saturation, Weiss [mg/l]
# name 18 = dz/dtM: Descent Rate [m/s], WS = 2
# name 19 = flag: flag
# span 0 =      1.228,     20.601       
# span 1 =      1.236,     20.748       
# span 2 =    13.9971,    21.1453       
# span 3 =    33.1852,    33.4524       
# span 4 =   4.008528,   4.696315       
# span 5 =     2.4163,     2.8926       
# span 6 =      8.053,      8.199       
# span 7 =    81.5256,    86.4440       
# span 8 =     0.9599,     3.5548       
# span 9 =     0.1123,     0.2808       
# span 10 =     0.5827,     0.8170      
# span 11 =          1,        392      
# span 12 =      0.000,     48.875      
# span 13 =    33.2210,    33.3169      
# span 14 =    23.1602,    24.8645      
# span 15 =     7.1661,     8.4600      
# span 16 =     86.936,    110.191      
# span 17 =    7.30039,    8.38421      
# span 18 =     -1.193,      0.846      
# span 19 = 0.0000e+00, 0.0000e+00      
# interval = seconds: 0.125
# start_time = Jul 29 2015 15:54:16 [System UTC, header]
# bad_flag = -9.990e-29
*END*
      1.322      1.331    21.0834    33.3033   4.689987     2.8669      8.193    85.9327     0.9787     0.1136     0.6064          1      0.000    33.3045    23.1812     7.9596    108.681    7.30865      0.000 -9.990e-29
      1.319      1.328    21.0846    33.3051   4.689988     2.8669      8.198    85.9327     0.9787     0.1136     0.6064          2      0.125    33.3036    23.1802     7.9595    108.681    7.30853      0.000 -9.990e-29
      1.316      1.324    21.0851    33.3098   4.689782     2.8669      8.193    85.9327     0.9787     0.1136     0.6064          3      0.250    33.3016    23.1785     7.9595    108.681    7.30855      0.000 -9.990e-29
      1.311      1.320    21.0809    33.3176   4.688928     2.8706      8.193    85.9327     0.9787     0.1136     0.6064          4      0.375    33.2980    23.1770     7.9728    108.852    7.30926      0.000 -9.990e-29
      1.305      1.314    21.0701    33.3265   4.687148     2.8706      8.193    86.1031     0.9787     0.1136     0.5985          5      0.500    33.2923    23.1755     7.9746    108.852    7.31094      0.000 -9.990e-29
      1.298      1.307    21.0464    33.3277   4.684801     2.8669      8.193    86.1031     0.9787     0.1136     0.5985          6      0.625    33.2921    23.1817     7.9655    108.680    7.31412      0.000 -9.990e-29
      1.289      1.298    21.0136    33.3194   4.683042     2.8706      8.198    86.1031     0.9975     0.1148     0.5985          7      0.750    33.3036    23.1994     7.9821    108.850    7.31800      0.000 -9.990e-29
      1.280      1.289    20.9947    33.3088   4.682587     2.8718      8.194    86.1031     0.9787     0.1136     0.5985          8      0.875    33.3148    23.2129     7.9884    108.905    7.32005      0.000 -9.990e-29
      1.271      1.280    20.9972    33.3000   4.683094     2.8742      8.194    86.1031     0.9975     0.1148     0.5985          9      1.000    33.3169    23.2138     8.0024    109.102    7.31962     -0.055 -9.990e-29
      1.262      1.271    21.0119    33.2953   4.684093     2.8755      8.198    86.1031     0.9975     0.1148     0.5985         10      1.125    33.3134    23.2072     7.9963    109.046    7.31781     -0.053 -9.990e-29
      1.253      1.262    21.0292    33.2929   4.685288     2.8755      8.184    86.0057     0.9787     0.1136     0.6030         11      1.250    33.3094    23.1995     7.9845    108.916    7.31567     -0.048 -9.990e-29
      1.246      1.255    21.0438    33.2896   4.686539     2.8767      8.193    86.2005     0.9975     0.1148     0.5940         12      1.375    33.3080    23.1945     7.9762    108.831    7.31378     -0.042 -9.990e-29
      1.239      1.248    21.0581    33.2872   4.688012     2.8718      8.193    86.2005     0.9787     0.1136     0.5940         13      1.500    33.3085    23.1911     7.9490    108.488    7.31185     -0.034 -9.990e-29
      1.233      1.242    21.0759    33.2902   4.689651     2.8742      8.193    86.2005     0.9787     0.1136     0.5940         14      1.625    33.3077    23.1857     7.9467    108.492    7.30951     -0.024 -9.990e-29
      1.229      1.238    21.0931    33.2956   4.690907     2.8718      8.193    86.2005     0.9599     0.1123     0.5940         15      1.750    33.3043    23.1784     7.9265    108.248    7.30736     -0.014 -9.990e-29
      1.228      1.236    21.1021    33.2997   4.691503     2.8681      8.193    86.2005     0.9787     0.1136     0.5940         16      1.875    33.3020    23.1743     7.9067    107.993    7.30626     -0.005 -9.990e-29
      1.229      1.237    21.1045    33.3024   4.691662     2.8645      8.193    86.2005     1.0163     0.1160     0.5940         17      2.000    33.3014    23.1732     7.8903    107.773    7.30597      0.004 -9.990e-29
      1.232      1.241    21.1037    33.3037   4.691624     2.8608      8.179    86.2492     0.9599     0.1123     0.5917         18      2.125    33.3017    23.1736     7.8771    107.591    7.30606      0.012 -9.990e-29
      1.237      1.246    21.1012    33.3035   4.691542     2.8584      8.193    86.3223     0.9975     0.1148     0.5883         19      2.250    33.3030    23.1753     7.8710    107.505    7.30634      0.018 -9.990e-29
      1.243      1.252    21.0995    33.3018   4.691505     2.8559      8.193    86.3223     1.0163     0.1160     0.5883         20      2.375    33.3041    23.1765     7.8664    107.438    7.30652      0.022 -9.990e-29
      1.250      1.259    21.0998    33.2999   4.691611     2.8535      8.198    86.3223     0.9975     0.1148     0.5883         21      2.500    33.3047    23.1769     7.8630    107.393    7.30646      0.024 -9.990e-29
      1.256      1.265    21.1027    33.2996   4.691901     2.8523      8.193    86.3223     0.9975     0.1148     0.5883         22      2.625    33.3047    23.1761     7.8607    107.368    7.30607      0.024 -9.990e-29
      1.262      1.271    21.1066    33.3002   4.692234     2.8510      8.193    86.3223     0.9975     0.1148     0.5883         23      2.750    33.3043    23.1748     7.8607    107.375    7.30557      0.021 -9.990e-29
      1.266      1.275    21.1094    33.3009   4.692501     2.8510      8.198    86.3223     0.9787     0.1136     0.5883         24      2.875    33.3043    23.1740     7.8637    107.421    7.30520      0.017 -9.990e-29
      1.269      1.277    21.1115    33.3015   4.692684     2.8510      8.193    86.0301     0.9975     0.1148     0.6019         25      3.000    33.3041    23.1733     7.8637    107.425    7.30492      0.011 -9.990e-29
      1.270      1.279    21.1131    33.3019   4.692762     2.8510      8.188    86.0057     0.9975     0.1148     0.6030         26      3.125    33.3035    23.1724     7.8644    107.438    7.30474      0.003 -9.990e-29
      1.271      1.280    21.1138    33.3027   4.692764     2.8510      8.193    86.0301     0.9787     0.1136     0.6019         27      3.250    33.3029    23.1718     7.8634    107.425    7.30467     -0.004 -9.990e-29
      1.269      1.277    21.1138    33.3042   4.692716     2.8510      8.193    86.0301     1.0163     0.1160     0.6019         28      3.375    33.3026    23.1715     7.8634    107.425    7.30468     -0.011 -9.990e-29
      1.265      1.274    21.1121    33.3050   4.692619     2.8486      8.193    86.0301     0.9975     0.1148     0.6019         29      3.500    33.3031    23.1724     7.8548    107.304    7.30489     -0.016 -9.990e-29
      1.260      1.269    21.1094    33.3044   4.692470     2.8462      8.198    86.0301     1.0351     0.1172     0.6019         30      3.625    33.3040    23.1738     7.8469    107.192    7.30521     -0.019 -9.990e-29
      1.254      1.263    21.1079    33.3029   4.692282     2.8449      8.198    86.0544     0.9787     0.1136     0.6008         31      3.750    33.3037    23.1740     7.8424    107.127    7.30542     -0.020 -9.990e-29
      1.248      1.257    21.1077    33.3021   4.692167     2.8413      8.193    85.6892     0.9975     0.1148     0.6178         32      3.875    33.3029    23.1734     7.8296    106.951    7.30548     -0.018 -9.990e-29
      1.243      1.252    21.1080    33.3030   4.692215     2.8364      8.198    85.7135     0.9975     0.1148     0.6166         33      4.000    33.3031    23.1735     7.8143    106.743    7.30543     -0.013 -9.990e-29
      1.238      1.247    21.1077    33.3042   4.692324     2.8376      8.193    85.6892     1.0351     0.1172     0.6178         34      4.125    33.3042    23.1744     7.8201    106.822    7.30542     -0.005 -9.990e-29
      1.235      1.243    21.1067    33.3045   4.692368     2.8352      8.198    85.6892     1.0163     0.1160     0.6178         35      4.250    33.3053    23.1755     7.8150    106.752    7.30551      0.008 -9.990e-29
      1.233      1.241    21.1067    33.3049   4.692374     2.8364      8.193    85.6892     1.0351     0.1172     0.6178         36      4.375    33.3054    23.1756     7.8242    106.877    7.30551      0.024 -9.990e-29
      1.234      1.242    21.1069    33.3052   4.692370     2.8352      8.198    85.6892     1.0539     0.1184     0.6178         37      4.500    33.3052    23.1754     7.8270    106.916    7.30549      0.044 -9.990e-29
      1.238      1.246    21.1062    33.3045   4.692289     2.8364      8.184    85.5918     0.9975     0.1148     0.6223         38      4.625    33.3051    23.1755     7.8383    107.068    7.30559      0.068 -9.990e-29
      1.245      1.253    21.1058    33.3033   4.692207     2.8352      8.193    85.9083     1.0351     0.1172     0.6076         39      4.750    33.3047    23.1753     7.8420    107.119    7.30565      0.095 -9.990e-29
      1.255      1.264    21.1063    33.3026   4.692276     2.8339      8.193    85.9083     1.0539     0.1184     0.6076         40      4.875    33.3049    23.1753     7.8464    107.179    7.30558      0.124 -9.990e-29
      1.270      1.278    21.1073    33.3022   4.692479     2.8352      8.193    85.8840     1.0539     0.1184     0.6087         41      5.000    33.3057    23.1757     7.8587    107.349    7.30541      0.156 -9.990e-29
      1.289      1.298    21.1091    33.3014   4.692816     2.8339      8.193    85.8840     1.0539     0.1184     0.6087         42      5.125    33.3070    23.1761     7.8599    107.371    7.30512      0.190 -9.990e-29
      1.315      1.323    21.1123    33.2999   4.693324     2.8339      8.193    85.8840     1.0727     0.1197     0.6087         43      5.250    33.3085    23.1765     7.8661    107.463    7.30463      0.224 -9.990e-29
      1.345      1.354    21.1176    33.2987   4.693977     2.8352      8.193    85.8840     1.0539     0.1184     0.6087         44      5.375    33.3096    23.1758     7.8754    107.601    7.30388      0.258 -9.990e-29
      1.379      1.388    21.1257    33.2999   4.694680     2.8364      8.188    85.9083     1.0351     0.1172     0.6076         45      5.500    33.3089    23.1731     7.8837    107.729    7.30283      0.290 0.0000e+00
      1.419      1.429    21.1335    33.3020   4.695241     2.8376      8.193    85.9083     1.0539     0.1184     0.6076         46      5.625    33.3072    23.1697     7.8910    107.843    7.30186      0.319 0.0000e+00
      1.465      1.475    21.1372    33.3029   4.695682     2.8400      8.193    85.9083     1.0727     0.1197     0.6076         47      5.750    33.3078    23.1692     7.9016    107.995    7.30134      0.344 0.0000e+00
      1.515      1.525    21.1393    33.3041   4.696112     2.8425      8.193    85.9083     1.0539     0.1184     0.6076         48      5.875    33.3096    23.1700     7.9101    108.117    7.30099      0.365 0.0000e+00
      1.568      1.579    21.1431    33.3060   4.696315     2.8449      8.193    85.9083     1.0727     0.1197     0.6076         49      6.000    33.3082    23.1679     7.9133    108.168    7.30054      0.382 0.0000e+00
      1.624      1.636    21.1453    33.3073   4.696122     2.8474      8.193    85.9083     1.0915     0.1209     0.6076         50      6.125    33.3050    23.1648     7.9159    108.205    7.30039      0.393 0.0000e+00
      1.681      1.693    21.1430    33.3087   4.695593     2.8486      8.198    85.9083     1.0727     0.1197     0.6076         51      6.250    33.3025    23.1636     7.9118    108.143    7.30080      0.401 0.0000e+00
      1.737      1.749    21.1382    33.3118   4.694725     2.8510      8.193    86.0057     1.0727     0.1197     0.6030         52      6.375    33.2994    23.1625     7.9088    108.091    7.30157      0.405 0.0000e+00
      1.791      1.804    21.1297    33.3111   4.693594     2.8510      8.193    86.0057     1.0915     0.1209     0.6030         53      6.500    33.2970    23.1630     7.8997    107.948    7.30280      0.407 0.0000e+00
      1.843      1.856    21.1143    33.3026   4.692937     2.8523      8.198    85.9814     1.0915     0.1209     0.6042         54      6.625    33.3037    23.1723     7.8947    107.854    7.30457      0.408 0.0000e+00
      1.891      1.904    21.1072    33.2976   4.693446     2.8510      8.193    85.9814     1.1103     0.1221     0.6042         55      6.750    33.3133    23.1814     7.8799    107.644    7.30510      0.407 0.0000e+00
      1.937      1.950    21.1200    33.3026   4.694363     2.8498      8.193    85.9814     1.1291     0.1233     0.6042         56      6.875    33.3106    23.1759     7.8645    107.456    7.30351      0.408 0.0000e+00
      1.981      1.995    21.1313    33.3093   4.694709     2.8449      8.193    86.0057     1.0915     0.1209     0.6030         57      7.000    33.3045    23.1683     7.8391    107.129    7.30227      0.410 0.0000e+00
      2.027      2.041    21.1279    33.3125   4.694578     2.8425      8.193    85.9327     1.0727     0.1197     0.6064         58      7.125    33.3061    23.1704     7.8264    106.949    7.30265      0.414 0.0000e+00
      2.073      2.088    21.1210    33.3132   4.694152     2.8400      8.193    85.8840     1.0915     0.1209     0.6087         59      7.250    33.3081    23.1738     7.8178    106.820    7.30349      0.421 0.0000e+00
      2.123      2.138    21.1167    33.3115   4.693434     2.8352      8.193    85.8840     1.1103     0.1221     0.6087         60      7.375    33.3057    23.1731     7.8053    106.639    7.30416      0.431 0.0000e+00
      2.175      2.190    21.1112    33.3064   4.692861     2.8364      8.193    85.8596     1.1291     0.1233     0.6098         61      7.500    33.3054    23.1744     7.8178    106.798    7.30491      0.443 0.0000e+00
      2.229      2.245    21.1065    33.3014   4.693042     2.8339      8.193    85.8596     1.1479     0.1245     0.6098         62      7.625    33.3105    23.1795     7.8210    106.836    7.30531      0.457 0.0000e+00
      2.287      2.303    21.1113    33.3062   4.693785     2.8327      8.193    85.8596     1.1291     0.1233     0.6098         63      7.750    33.3127    23.1799     7.8308    106.980    7.30458      0.472 0.0000e+00
      2.349      2.365    21.1223    33.3208   4.693615     2.8315      8.193    85.8596     1.1668     0.1258     0.6098         64      7.875    33.3027    23.1693     7.8410    107.135    7.30354      0.486 0.0000e+00
      2.413      2.430    21.1169    33.3321   4.691357     2.8315      8.179    85.7622     1.1103     0.1221     0.6144         65      8.000    33.2890    23.1603     7.8576    107.343    7.30485      0.497 0.0000e+00
      2.479      2.497    21.0855    33.3509   4.687544     2.8315      8.193    85.9083     1.2044     0.1282     0.6076         66      8.125    33.2831    23.1643     7.8741    107.503    7.30929      0.507 0.0000e+00
      2.547      2.566    21.0442    33.3927   4.681345     2.8339      8.193    85.9083     1.1856     0.1270     0.6076         67      8.250    33.2659    23.1624     7.8991    107.754    7.31553      0.512 0.0000e+00
      2.616      2.635    20.9691    33.4322   4.670307     2.8376      8.193    85.9083     1.2044     0.1282     0.6076         68      8.375    33.2364    23.1602     7.9323    108.040    7.32684      0.514 0.0000e+00
      2.685      2.704    20.8276    33.4503   4.655186     2.8413      8.194    85.8840     1.2232     0.1294     0.6087         69      8.500    33.2260    23.1903     7.9714    108.289    7.34628      0.511 0.0000e+00
      2.753      2.773    20.6552    33.4524   4.638942     2.8462      8.195    85.9083     1.2232     0.1294     0.6076         70      8.625    33.2305    23.2398     8.0186    108.591    7.36934      0.505 0.0000e+00
      2.820      2.840    20.4840    33.4435   4.623580     2.8498      8.196    85.8840     1.2608     0.1319     0.6087         71      8.750    33.2411    23.2934     8.0599    108.817    7.39212      0.495 0.0000e+00
      2.883      2.904    20.3285    33.4309   4.610331     2.8523      8.196    86.0544     1.2608     0.1319     0.6008         72      8.875    33.2564    23.3461     8.0928    108.962    7.41268      0.483 0.0000e+00
