Data/Test_Data/c8.cnv
* Sea-Bird SBE 25 Data File:
* FileName = C:\wq\Unit#4\C8.hex
* Software Version Seasave V 7.23.2
* Temperature SN = 1180
* Conductivity SN = 1027
* System UpLoad Time = Jul 29 2015 08:54:16
* Real-Time Sample Interval = 0.1250 seconds
* System UTC = Jul 29 2015 15:54:16
# nquan = 20                                
# nvalues = 392                         
# units = specified
# name 0 = depSM: Depth [salt water, m], lat = 33.00
# name 1 = prSM: Pressure, Strain Gauge [db]
# name 2 = t090C: Temperature [ITS-90, deg C]
# name 3 = sal00: Salinity, Practical [PSU]
# name 4 = c0S/m: Conductivity [S/m]
# name 5 = sbeox0V: Oxygen raw, SBE 43 [V]
# name 6 = ph: pH
# name 7 = xmiss: Beam Transmission, Chelsea/Seatech [%]
# name 8 = wetStar: Fluorescence, WET Labs WETstar [mg/m^3]
# name 9 = v4: Voltage 4
# name 10 = bat: Beam Attenuation, Chelsea/Seatech [1/m]
# name 11 = scan: Scan Count
# name 12 = timeS: Time, Elapsed [seconds]
# name 13 = sal00: Salinity, Practical [PSU]
# name 14 = sigma-t00: Density [sigma-t, kg/m^3 ]
# name 15 = sbeox0Mg/L: Oxygen, SBE 43 [mg/l], WS = 2
# name 16 = sbeox0PS: Oxygen, SBE 43 [% saturation], WS = 2
# name 17 = oxsatMg/L: Oxygen Saturation, Weiss [mg/l]
# name 18 = dz/dtM: Descent Rate [m/s], WS = 2
# name 19 = flag: flag
# span 0 =      1.228,     20.601       
# span 1 =      1.236,     20.748       
# span 2 =    13.9971,    21.1453       
# span 3 =    33.1852,    33.4524       
# span 4 =   4.008528,   4.696315       
# span 5 =     2.4163,     2.8926       
# span 6 =      8.053,      8.199       
# span 7 =    81.5256,    86.4440       
# span 8 =     0.9599,     3.5548       
# span 9 =     0.1123,     0.2808       
# span 10 =     0.5827,     0.8170      
# span 11 =          1,        392      
# span 12 =      0.000,     48.875      
# span 13 =    33.2210,    33.3169      
# span 14 =    23.1602,    24.8645      
# span 15 =     7.1661,     8.4600      
# span 16 =     86.936,    110.191      
# span 17 =    7.30039,    8.38421      
# span 18 =     -1.193,      0.846      
# span 19 = 0.0000e+00, 0.0000e+00      
# interval = seconds: 0.125
# start_time = Jul 29 2015 15:54:16 [System UTC, header]
# bad_flag = -9.990e-29
*END*
[from data line 362]
     18.179     18.308    14.0475    33.2964   4.014592 -9.990e-29      8.075    85.4701 -9.990e-29 -9.990e-29     0.6280        363     45.250    33.2858    24.8528 -9.990e-29 -9.990e-29    8.37498     -0.846 0.0000e+00
     18.076     18.205    14.0482    33.2979   4.014652 -9.990e-29      8.075    85.4701 -9.990e-29 -9.990e-29     0.6280        364     45.375    33.2858    24.8526 -9.990e-29 -9.990e-29    8.37486     -0.859 0.0000e+00
     17.971     18.100    14.0469    33.2986   4.014701 -9.990e-29      8.075    85.4701 -9.990e-29 -9.990e-29     0.6280        365     45.500    33.2874    24.8541 -9.990e-29 -9.990e-29    8.37500     -0.874 0.0000e+00
     17.866     17.993    14.0455    33.2983   4.014763 -9.990e-29      8.075    85.4701 -9.990e-29 -9.990e-29     0.6280        366     45.625    33.2893    24.8558 -9.990e-29 -9.990e-29    8.37515     -0.892 0.0000e+00
     17.757     17.884    14.0459    33.2976   4.014809 -9.990e-29      8.070    85.4701 -9.990e-29 -9.990e-29     0.6280        367     45.750    33.2894    24.8558 -9.990e-29 -9.990e-29    8.37507     -0.912 0.0000e+00
     17.646     17.772    14.0472    33.2968   4.014815 -9.990e-29      8.070    85.5431 -9.990e-29 -9.990e-29     0.6246        368     45.875    33.2884    24.8548 -9.990e-29 -9.990e-29    8.37490     -0.935 0.0000e+00
     17.530     17.656    14.0480    33.2955   4.014842 -9.990e-29      8.075    85.5675 -9.990e-29 -9.990e-29     0.6235        369     46.000    33.2880    24.8543 -9.990e-29 -9.990e-29    8.37479     -0.959 0.0000e+00
     17.411     17.536    14.0489    33.2944   4.014966 -9.990e-29      8.075    85.5431 -9.990e-29 -9.990e-29     0.6246        370     46.125    33.2884    24.8544 -9.990e-29 -9.990e-29    8.37461     -0.986 0.0000e+00
     17.289     17.412    14.0512    33.2942   4.015166 -9.990e-29      8.075    85.5431 -9.990e-29 -9.990e-29     0.6246        371     46.250    33.2883    24.8539 -9.990e-29 -9.990e-29    8.37422     -1.015 0.0000e+00
     17.162     17.284    14.0538    33.2949   4.015406 -9.990e-29      8.075    85.5675 -9.990e-29 -9.990e-29     0.6235        372     46.375    33.2883    24.8534 -9.990e-29 -9.990e-29    8.37377     -1.045 0.0000e+00
     17.030     17.152    14.0556    33.2962   4.015689 -9.990e-29      8.075    85.5431 -9.990e-29 -9.990e-29     0.6246        373     46.500    33.2894    24.8539 -9.990e-29 -9.990e-29    8.37340     -1.074 0.0000e+00
     16.894     17.014    14.0571    33.2959   4.015956 -9.990e-29      8.075    85.5431 -9.990e-29 -9.990e-29     0.6246        374     46.625    33.2907    24.8545 -9.990e-29 -9.990e-29    8.37308     -1.103 0.0000e+00
     16.753     16.873    14.0584    33.2915   4.016221 -9.990e-29      8.075    85.6649 -9.990e-29 -9.990e-29     0.6189        375     46.750    33.2920    24.8553 -9.990e-29 -9.990e-29    8.37279     -1.130 0.0000e+00
     16.610     16.728    14.0626    33.2824   4.016754 -9.990e-29      8.075    85.6649 -9.990e-29 -9.990e-29     0.6189        376     46.875    33.2934    24.8555 -9.990e-29 -9.990e-29    8.37200     -1.154 0.0000e+00
     16.462     16.580    14.0728    33.2708   4.018016 -9.990e-29      8.075    85.6649 -9.990e-29 -9.990e-29     0.6189        377     47.000    33.2963    24.8556 -9.990e-29 -9.990e-29    8.37010     -1.173 0.0000e+00
     16.310     16.427    14.0925    33.2622   4.020284 -9.990e-29      8.075    85.6649 -9.990e-29 -9.990e-29     0.6189        378     47.125    33.3003    24.8546 -9.990e-29 -9.990e-29    8.36651     -1.187 0.0000e+00
     16.156     16.271    14.1234    33.2620   4.023196 -9.990e-29      8.075    85.6892 -9.990e-29 -9.990e-29     0.6178        379     47.250    33.3005    24.8483 -9.990e-29 -9.990e-29    8.36120     -1.193 0.0000e+00
     16.000     16.114    14.1584    33.2702   4.025890 -9.990e-29      8.075    85.6649 -9.990e-29 -9.990e-29     0.6189        380     47.375    33.2952    24.8369 -9.990e-29 -9.990e-29    8.35548     -1.189 0.0000e+00
     15.843     15.956    14.1852    33.2795   4.027648 -9.990e-29      8.075    85.6162 -9.990e-29 -9.990e-29     0.6212        381     47.500    33.2884    24.8260 -9.990e-29 -9.990e-29    8.35125     -1.176 0.0000e+00
     15.686     15.798    14.1971    33.2812   4.028657 -9.990e-29      8.075    85.5675 -9.990e-29 -9.990e-29     0.6235        382     47.625    33.2875    24.8228 -9.990e-29 -9.990e-29    8.34926     -1.149 0.0000e+00
     15.531     15.642    14.2006    33.2750   4.030007 -9.990e-29      8.075    85.5675 -9.990e-29 -9.990e-29     0.6235        383     47.750    33.2969    24.8294 -9.990e-29 -9.990e-29    8.34817     -1.109 0.0000e+00
     15.381     15.491    14.2123    33.2710   4.032525 -9.990e-29      8.075    85.5675 -9.990e-29 -9.990e-29     0.6235        384     47.875    33.3101    24.8371 -9.990e-29 -9.990e-29    8.34550     -1.052 0.0000e+00
     15.238     15.346    14.2403    33.2737   4.035705 -9.990e-29      8.070    85.5431 -9.990e-29 -9.990e-29     0.6246        385     48.000    33.3153    24.8353 -9.990e-29 -9.990e-29    8.34045      0.000 0.0000e+00
     15.104     15.211    14.2734    33.2760   4.038220 -9.990e-29      8.074    85.5431 -9.990e-29 -9.990e-29     0.6246        386     48.125    33.3099    24.8242 -9.990e-29 -9.990e-29    8.33508      0.000 0.0000e+00
     14.982     15.089    14.3008    33.2752   4.039776 -9.990e-29      8.074    85.5675 -9.990e-29 -9.990e-29     0.6235        387     48.250    33.3007    24.8113 -9.990e-29 -9.990e-29    8.33089      0.000 0.0000e+00
     14.874     14.980    14.3208    33.2647   4.041005 -9.990e-29      8.055    85.4701 -9.990e-29 -9.990e-29     0.6280        388     48.375    33.2948    24.8026 -9.990e-29 -9.990e-29    8.32779      0.000 0.0000e+00
     14.783     14.888    14.3349    33.2269   4.042546 -9.990e-29      8.074    85.5188 -9.990e-29 -9.990e-29     0.6257        389     48.500    33.2968    24.8012 -9.990e-29 -9.990e-29    8.32529      0.000 0.0000e+00
     14.712     14.816    14.3667    33.1852   4.044045 -9.990e-29      8.074    85.5431 -9.990e-29 -9.990e-29     0.6246        390     48.625    33.2833    24.7840 -9.990e-29 -9.990e-29    8.32058      0.000 0.0000e+00
     14.666     14.770    14.4457 -9.990e-29 -9.990e-29 -9.990e-29      8.069    85.5188 -9.990e-29 -9.990e-29     0.6257        391     48.750 -9.990e-29 -9.990e-29 -9.990e-29 -9.990e-29 -9.990e-29      0.000 -9.990e-29
     14.650     14.754    14.4988 -9.990e-29 -9.990e-29 -9.990e-29      8.068    85.5188 -9.990e-29 -9.990e-29     0.6257        392     48.875 -9.990e-29 -9.990e-29 -9.990e-29 -9.990e-29 -9.990e-29      0.000 -9.990e-29
