Data/Test_Data/c8.cnv
* Sea-Bird SBE 25 Data File:
* FileName = C:\wq\Unit#4\C8.hex
* Software Version Seasave V 7.23.2
* Temperature SN = 1180
* Conductivity SN = 1027
* System UpLoad Time = Jul 29 2015 08:54:16
* Real-Time Sample Interval = 0.1250 seconds
* System UTC = Jul 29 2015 15:54:16
# nquan = 20                                
# nvalues = 392                         
# units = specified
# name 0 = depSM: Depth [salt water, m], lat = 33.00
# name 1 = prSM: Pressure, Strain Gauge [db]
# name 2 = t090C: Temperature [ITS-90, deg C]
# name 3 = sal00: Salinity, Practical [PSU]
# name 4 = c0S/m: Conductivity [S/m]
# name 5 = sbeox0V: Oxygen raw, SBE 43 [V]
# name 6 = ph: pH
# name 7 = xmiss: Beam Transmission, Chelsea/Seatech [%]
# name 8 = wetStar: Fluorescence, WET Labs WETstar [mg/m^3]
# name 9 = v4: Voltage 4
# name 10 = bat: Beam Attenuation, Chelsea/Seatech [1/m]
# name 11 = scan: Scan Count
# name 12 = timeS: Time, Elapsed [seconds]
# name 13 = sal00: Salinity, Practical [PSU]
# name 14 = sigma-t00: Density [sigma-t, kg/m^3 ]
# name 15 = sbeox0Mg/L: Oxygen, SBE 43 [mg/l], WS = 2
# name 16 = sbeox0PS: Oxygen, SBE 43 [% saturation], WS = 2
# name 17 = oxsatMg/L: Oxygen Saturation, Weiss [mg/l]
# name 18 = dz/dtM: Descent Rate [m/s], WS = 2
# name 19 = flag: flag
# span 0 =      1.228,     20.601       
# span 1 =      1.236,     20.748       
# span 2 =    13.9971,    21.1453       
# span 3 =    33.1852,    33.4524       
# span 4 =   4.008528,   4.696315       
# span 5 =     2.4163,     2.8926       
# span 6 =      8.053,      8.199       
# span 7 =    81.5256,    86.4440       
# span 8 =     0.9599,     3.5548       
# span 9 =     0.1123,     0.2808       
# span 10 =     0.5827,     0.8170      
# span 11 =          1,        392      
# span 12 =      0.000,     48.875      
# span 13 =    33.2210,    33.3169      
# span 14 =    23.1602,    24.8645      
# span 15 =     7.1661,     8.4600      
# span 16 =     86.936,    110.191      
# span 17 =    7.30039,    8.38421      
# span 18 =     -1.193,      0.846      
# span 19 = 0.0000e+00, 0.0000e+00      
# interval = seconds: 0.125
# start_time = Jul 29 2015 15:54:16 [System UTC, header]
# bad_flag = -9.990e-29
*END*
[from data line 145]
      8.474      8.534    17.2204    33.3514   4.313021     2.8022      8.153    83.9848     2.7838     0.2308     0.6981        146     18.125    33.2757    24.1392     8.1183    103.129    7.86125      0.675 0.0000e+00
      8.561      8.622    17.2142    33.3555   4.312189     2.7961      8.153    83.9848     2.6334     0.2210     0.6981        147     18.250    33.2736    24.1391     8.0930    102.793    7.86229      0.688 0.0000e+00
      8.652      8.713    17.2034    33.3584   4.310800     2.7888      8.153    83.9848     2.5394     0.2149     0.6981        148     18.375    33.2705    24.1393     8.0676    102.447    7.86409      0.700 0.0000e+00
      8.744      8.806    17.1862    33.3605   4.309010     2.7827      8.153    83.9848     2.5394     0.2149     0.6981        149     18.500    33.2692    24.1423     8.0521    102.217    7.86678      0.709 0.0000e+00
      8.837      8.900    17.1661    33.3696   4.306817     2.7766      8.148    83.9848     2.6334     0.2210     0.6981        150     18.625    33.2668    24.1452     8.0390    102.010    7.86997      0.714 0.0000e+00
      8.930      8.993    17.1433    33.3857   4.303333     2.7729      8.148    83.9848     2.4642     0.2100     0.6981        151     18.750    33.2555    24.1419     8.0394    101.962    7.87400      0.716 0.0000e+00
      9.022      9.086    17.1013    33.3926   4.298086     2.7680      8.148    83.9848     2.5582     0.2161     0.6981        152     18.875    33.2448    24.1436     8.0400    101.880    7.88095      0.714 0.0000e+00
      9.114      9.179    17.0358    33.3848   4.292507     2.7643      8.149    83.9118     2.4830     0.2112     0.7016        153     19.000    33.2505    24.1635     8.0442    101.809    7.89075      0.710 0.0000e+00
      9.204      9.270    16.9750    33.3727   4.288281     2.7607      8.149    83.9118     2.6710     0.2234     0.7016        154     19.125    33.2641    24.1882     8.0523    101.800    7.89946      0.702 0.0000e+00
      9.292      9.358    16.9364    33.3632   4.285669     2.7570      8.149    83.9118     2.6146     0.2198     0.7016        155     19.250    33.2733    24.2043     8.0567    101.785    7.90498      0.693 0.0000e+00
      9.378      9.445    16.9149    33.3569   4.284163     2.7534      8.145    83.9118     2.6334     0.2210     0.7016        156     19.375    33.2780    24.2129     8.0582    101.766    7.90807      0.682 0.0000e+00
      9.462      9.530    16.9033    33.3516   4.283282     2.7509      8.145    83.9118     2.8779     0.2369     0.7016        157     19.500    33.2800    24.2171     8.0603    101.771    7.90977      0.671 0.0000e+00
      9.544      9.612    16.8967    33.3477   4.282893     2.7472      8.145    83.9118     2.6146     0.2198     0.7016        158     19.625    33.2820    24.2202     8.0556    101.699    7.91069      0.660 0.0000e+00
      9.623      9.692    16.8951    33.3494   4.282811     2.7448      8.131    83.8387     2.5958     0.2186     0.7051        159     19.750    33.2826    24.2211     8.0520    101.651    7.91091      0.650 0.0000e+00
      9.701      9.770    16.8954    33.3562   4.282369     2.7424      8.140    83.8631     2.5018     0.2125     0.7039        160     19.875    33.2785    24.2178     8.0463    101.577    7.91106      0.643 0.0000e+00
      9.777      9.847    16.8885    33.3641   4.280959     2.7350      8.140    83.8631     2.4830     0.2112     0.7039        161     20.000    33.2719    24.2144     8.0204    101.233    7.91244      0.638 0.0000e+00
      9.853      9.923    16.8697    33.3692   4.278497     2.7375      8.135    83.8631     2.4830     0.2112     0.7039        162     20.125    33.2661    24.2143     8.0298    101.311    7.91563      0.635 0.0000e+00
      9.927      9.998    16.8403    33.3695   4.275418     2.7363      8.140    83.8631     2.5206     0.2137     0.7039        163     20.250    33.2636    24.2193     8.0244    101.183    7.92030      0.635 0.0000e+00
     10.002     10.074    16.8060    33.3684   4.272368     2.7338      8.140    83.8631     2.5018     0.2125     0.7039        164     20.375    33.2655    24.2288     8.0113    100.953    7.92553      0.637 0.0000e+00
     10.079     10.151    16.7745    33.3720   4.269477     2.7314      8.136    83.8874     2.5206     0.2137     0.7028        165     20.500    33.2664    24.2368     7.9962    100.702    7.93037      0.642 0.0000e+00
     10.157     10.229    16.7448    33.3783   4.266188     2.7289      8.122    83.9848     2.4830     0.2112     0.6981        166     20.625    33.2624    24.2406     7.9799    100.435    7.93518      0.649 0.0000e+00
     10.237     10.310    16.7072    33.3791   4.262233     2.7253      8.136    84.1552     2.5206     0.2137     0.6900        167     20.750    33.2591    24.2468     7.9610    100.123    7.94119      0.657 0.0000e+00
     10.320     10.393    16.6622    33.3732   4.258296     2.7204      8.136    84.1552     2.5770     0.2173     0.6900        168     20.875    33.2621    24.2596     7.9358     99.720    7.94806      0.665 0.0000e+00
     10.404     10.478    16.6221    33.3664   4.255171     2.7155      8.136    84.1552     2.5582     0.2161     0.6900        169     21.000    33.2681    24.2735     7.9109     99.334    7.95403      0.673 0.0000e+00
     10.489     10.564    16.5929    33.3635   4.252877     2.7094      8.136    84.1552     2.6146     0.2198     0.6900        170     21.125    33.2723    24.2834     7.8760     98.842    7.95839      0.680 0.0000e+00
     10.576     10.652    16.5720    33.3667   4.250765     2.7033      8.132    84.1552     2.5582     0.2161     0.6900        171     21.250    33.2712    24.2874     7.8459     98.424    7.96171      0.686 0.0000e+00
     10.664     10.741    16.5516    33.3733   4.248080     2.6960      8.132    84.1552     2.7274     0.2271     0.6900        172     21.375    33.2646    24.2871     7.8138     97.978    7.96522      0.691 0.0000e+00
     10.754     10.831    16.5213    33.3794   4.244592     2.6899      8.132    83.6683     2.7274     0.2271     0.7132        173     21.500    33.2593    24.2900     7.7859     97.568    7.97022      0.694 0.0000e+00
     10.843     10.920    16.4807    33.3854   4.240428     2.6837      8.127    83.6683     2.6898     0.2247     0.7132        174     21.625    33.2566    24.2973     7.7642     97.218    7.97672      0.695 0.0000e+00
     10.931     11.009    16.4346    33.3901   4.235623     2.6801      8.128    83.6683     2.7838     0.2308     0.7132        175     21.750    33.2528    24.3050     7.7562     97.028    7.98415      0.694 0.0000e+00
     11.018     11.096    16.3812    33.3905   4.230512     2.6715      8.123    83.6683     2.7462     0.2283     0.7132        176     21.875    33.2524    24.3169     7.7310     96.612    7.99257      0.692 0.0000e+00
     11.103     11.182    16.3246    33.3875   4.225726     2.6667      8.123    83.6683     2.7650     0.2295     0.7132        177     22.000    33.2576    24.3339     7.7208     96.381    8.00125      0.690 0.0000e+00
     11.188     11.268    16.2738    33.3860   4.221535     2.6605      8.124    83.6683     2.8026     0.2320     0.7132        178     22.125    33.2631    24.3497     7.7044     96.084    8.00901      0.688 0.0000e+00
     11.273     11.354    16.2316    33.3880   4.217549     2.6557      8.119    83.6683     2.8403     0.2344     0.7132        179     22.250    33.2632    24.3594     7.6922     95.854    8.01568      0.686 0.0000e+00
     11.357     11.438    16.1908    33.3884   4.213271     2.6496      8.119    83.7413     3.0283     0.2466     0.7098        180     22.375    33.2596    24.3659     7.6712     95.513    8.02233      0.686 0.0000e+00
     11.440     11.522    16.1448    33.3847   4.209010     2.6398      8.115    83.7413     3.1975     0.2576     0.7098        181     22.500    33.2605    24.3771     7.6393     95.031    8.02959      0.688 0.0000e+00
     11.522     11.604    16.1003    33.3820   4.205346     2.6373      8.115    83.7413     2.9719     0.2430     0.7098        182     22.625    33.2654    24.3909     7.6330     94.873    8.03643      0.693 0.0000e+00
     11.604     11.687    16.0636    33.3825   4.202065     2.6325      8.115    83.7413     3.1411     0.2540     0.7098        183     22.750    33.2671    24.4006     7.6173     94.611    8.04219      0.701 0.0000e+00
     11.687     11.771    16.0302    33.3838   4.198597     2.6251      8.110    83.7413     3.2915     0.2637     0.7098        184     22.875    33.2644    24.4060     7.5921     94.235    8.04765      0.712 0.0000e+00
     11.773     11.857    15.9943    33.3868   4.194755     2.6190      8.110    83.7413     3.1787     0.2564     0.7098        185     23.000    33.2604    24.4111     7.5704     93.897    8.05358      0.725 0.0000e+00
     11.860     11.945    15.9550    33.3932   4.190369     2.6117      8.096    83.6439     3.1787     0.2564     0.7144        186     23.125    33.2545    24.4154     7.5474     93.536    8.06015      0.740 0.0000e+00
     11.950     12.036    15.9081    33.3990   4.185133     2.6056      8.106    83.6196     3.1787     0.2564     0.7156        187     23.250    33.2474    24.4205     7.5301     93.232    8.06802      0.757 0.0000e+00
     12.045     12.130    15.8503    33.4006   4.179264     2.5946      8.106    83.6196     3.5548     0.2808     0.7156        188     23.375    33.2438    24.4308     7.4984     92.732    8.07747      0.775 0.0000e+00
     12.142     12.229    15.7864    33.3960   4.173378     2.5922      8.102    83.6196     3.4044     0.2711     0.7156        189     23.500    33.2452    24.4461     7.5009     92.647    8.08768      0.793 0.0000e+00
     12.244     12.331    15.7245    33.3852   4.168187     2.5848      8.102    83.6196     3.2727     0.2625     0.7156        190     23.625    33.2511    24.4645     7.4831     92.317    8.09738      0.810 0.0000e+00
     12.349     12.437    15.6734    33.3741   4.164386     2.5787      8.098    83.6196     3.0471     0.2479     0.7156        191     23.750    33.2602    24.4829     7.4725     92.099    8.10518      0.824 0.0000e+00
     12.457     12.545    15.6394    33.3691   4.161902     2.5702      8.098    83.5952     3.1223     0.2527     0.7167        192     23.875    33.2667    24.4955     7.4529     91.799    8.11037      0.835 0.0000e+00
     12.567     12.656    15.6182    33.3720   4.159883     2.5641      8.088    82.8891     2.9719     0.2430     0.7507        193     24.000    33.2665    24.5000     7.4405     91.608    8.11381      0.843 0.0000e+00
     12.677     12.768    15.5986    33.3788   4.157409     2.5592      8.093    82.7430     2.7838     0.2308     0.7577        194     24.125    33.2609    24.5001     7.4333     91.481    8.11726      0.845 0.0000e+00
     12.788     12.879    15.5696    33.3817   4.154127     2.5531      8.088    82.7674     2.7838     0.2308     0.7565        195     24.250    33.2560    24.5028     7.4233     91.303    8.12221      0.843 0.0000e+00
     12.898     12.990    15.5308    33.3795   4.150621     2.5482      8.089    82.7430     2.6710     0.2234     0.7577        196     24.375    33.2574    24.5124     7.4179     91.168    8.12845      0.835 0.0000e+00
     13.007     13.100    15.4928    33.3779   4.147489     2.5433      8.084    82.7430     2.5770     0.2173     0.7577        197     24.500    33.2614    24.5239     7.4078     90.977    8.13443      0.823 0.0000e+00
     13.112     13.205    15.4611    33.3799   4.144570     2.5397      8.084    82.7430     2.4830     0.2112     0.7577        198     24.625    33.2620    24.5314     7.4039     90.873    8.13956      0.807 0.0000e+00
     13.214     13.308    15.4305    33.3832   4.141370     2.5348      8.084    82.7430     2.3514     0.2027     0.7577        199     24.750    33.2592    24.5360     7.3937     90.691    8.14470      0.787 0.0000e+00
     13.313     13.407    15.3953    33.3828   4.137803     2.5299      8.080    81.9639     2.2197     0.1941     0.7956        200     24.875    33.2569    24.5420     7.3785     90.439    8.15056      0.764 0.0000e+00
     13.407     13.502    15.3558    33.3801   4.134397     2.5250      8.080    81.9639     2.1633     0.1905     0.7956        201     25.000    33.2598    24.5529     7.3634     90.185    8.15687      0.739 0.0000e+00
     13.496     13.592    15.3202    33.3812   4.131400     2.5201      8.080    81.9639     2.1633     0.1905     0.7956        202     25.125    33.2630    24.5632     7.3473     89.926    8.16254      0.713 0.0000e+00
     13.582     13.679    15.2896    33.3843   4.128346     2.5165      8.075    81.9639     2.2197     0.1941     0.7956        203     25.250    33.2614    24.5687     7.3339     89.708    8.16764      0.688 0.0000e+00
     13.665     13.762    15.2552    33.3825   4.125008     2.5103      8.075    81.9639     2.0881     0.1856     0.7956        204     25.375    33.2605    24.5756     7.3097     89.350    8.17333      0.662 0.0000e+00
     13.744     13.842    15.2179    33.3757   4.121911     2.5055      8.076    81.9639     1.9377     0.1758     0.7956        205     25.500    33.2643    24.5866     7.2917     89.066    8.17928      0.639 0.0000e+00
     13.819     13.918    15.1873    33.3703   4.119538     2.4994      8.071    81.9152     1.9189     0.1746     0.7979        206     25.625    33.2689    24.5968     7.2697     88.746    8.18408      0.617 0.0000e+00
     13.891     13.990    15.1665    33.3690   4.117681     2.4945      8.076    81.6230     1.9377     0.1758     0.8122        207     25.750    33.2698    24.6020     7.2541     88.518    8.18746      0.598 0.0000e+00
     13.961     14.061    15.1489    33.3687   4.115871     2.4835      8.071    81.5986     1.8249     0.1685     0.8134        208     25.875    33.2684    24.6048     7.2167     88.031    8.19044      0.582 0.0000e+00
     14.028     14.129    15.1295    33.3683   4.113899     2.4810      8.071    81.6230     1.8249     0.1685     0.8122        209     26.000    33.2670    24.6080     7.2144     87.968    8.19370      0.570 0.0000e+00
     14.095     14.195    15.1099    33.3680   4.111724     2.4762      8.071    81.6230     1.7873     0.1661     0.8122        210     26.125    33.2640    24.6100     7.2059     87.829    8.19709      0.562 0.0000e+00
     14.160     14.262    15.0882    33.3652   4.109490     2.4688      8.067    81.6230     1.7685     0.1648     0.8122        211     26.250    33.2623    24.6133     7.1878     87.569    8.20076      0.558 0.0000e+00
     14.226     14.328    15.0638    33.3605   4.107618     2.4627      8.067    81.6230     1.6932     0.1600     0.8122        212     26.375    33.2661    24.6216     7.1770     87.398    8.20461      0.559 0.0000e+00
     14.292     14.394    15.0453    33.3595   4.106241     2.4578      8.053    81.5256     1.6368     0.1563     0.8170        213     26.500    33.2694    24.6281     7.1687     87.266    8.20750      0.563 0.0000e+00
     14.357     14.460    15.0333    33.3664   4.104771     2.4542      8.067    81.6473     1.6368     0.1563     0.8110        214     26.625    33.2663    24.6283     7.1670     87.222    8.20965      0.572 0.0000e+00
     14.424     14.527    15.0180    33.3822   4.102130     2.4505      8.067    81.6473     1.6180     0.1551     0.8110        215     26.750    33.2554    24.6233     7.1661     87.179    8.21273      0.584 0.0000e+00
     14.494     14.597    14.9872    33.4004   4.097338     2.4469      8.067    81.6717     1.5804     0.1526     0.8099        216     26.875    33.2382    24.6167     7.1684     87.144    8.21870      0.600 0.0000e+00
     14.567     14.671    14.9290    33.4085   4.090605     2.4444      8.067    81.6473     1.6556     0.1575     0.8110        217     27.000    33.2267    24.6204     7.1734     87.098    8.22895      0.618 0.0000e+00
