Data/Test_Data/c8.cnv
* Sea-Bird SBE 25 Data File:
* FileName = C:\wq\Unit#4\C8.hex
* Software Version Seasave V 7.23.2
* Temperature SN = 1180
* Conductivity SN = 1027
* System UpLoad Time = Jul 29 2015 08:54:16
* Real-Time Sample Interval = 0.1250 seconds
* System UTC = Jul 29 2015 15:54:16
# nquan = 20                                
# nvalues = 392                         
# units = specified
# name 0 = depSM: Depth [salt water, m], lat = 33.00
# name 1 = prSM: Pressure, Strain Gauge [db]
# name 2 = t090C: Temperature [ITS-90, deg C]
# name 3 = sal00: Salinity, Practical [PSU]
# name 4 = c0S/m: Conductivity [S/m]
# name 5 = sbeox0V: Oxygen raw, SBE 43 [V]
# name 6 = ph: pH
# name 7 = xmiss: Beam Transmission, Chelsea/Seatech [%]
# name 8 = wetStar: Fluorescence, WET Labs WETstar [mg/m^3]
# name 9 = v4: Voltage 4
# name 10 = bat: Beam Attenuation, Chelsea/Seatech [1/m]
# name 11 = scan: Scan Count
# name 12 = timeS: Time, Elapsed [seconds]
# name 13 = sal00: Salinity, Practical [PSU]
# name 14 = sigma-t00: Density [sigma-t, kg/m^3 ]
# name 15 = sbeox0Mg/L: Oxygen, SBE 43 [mg/l], WS = 2
# name 16 = sbeox0PS: Oxygen, SBE 43 [% saturation], WS = 2
# name 17 = oxsatMg/L: Oxygen Saturation, Weiss [mg/l]
# name 18 = dz/dtM: Descent Rate [m/s], WS = 2
# name 19 = flag: flag
# span 0 =      1.228,     20.601       
# span 1 =      1.236,     20.748       
# span 2 =    13.9971,    21.1453       
# span 3 =    33.1852,    33.4524       
# span 4 =   4.008528,   4.696315       
# span 5 =     2.4163,     2.8926       
# span 6 =      8.053,      8.199       
# span 7 =    81.5256,    86.4440       
# span 8 =     0.9599,     3.5548       
# span 9 =     0.1123,     0.2808       
# span 10 =     0.5827,     0.8170      
# span 11 =          1,        392      
# span 12 =      0.000,     48.875      
# span 13 =    33.2210,    33.3169      
# span 14 =    23.1602,    24.8645      
# span 15 =     7.1661,     8.4600      
# span 16 =     86.936,    110.191      
# span 17 =    7.30039,    8.38421      
# span 18 =     -1.193,      0.846      
# span 19 = 0.0000e+00, 0.0000e+00      
# interval = seconds: 0.125
# start_time = Jul 29 2015 15:54:16 [System UTC, header]
# bad_flag = -9.990e-29
*END*
[from data line 218]
     14.723     14.828    14.7692    33.4077   4.076675     2.4371      8.063    81.6473     1.5804     0.1526     0.8110        219     27.250    33.2364    24.6623     7.1902     87.029    8.25512      0.662 0.0000e+00
     14.807     14.913    14.7012    33.4110   4.069815     2.4334      8.063    82.0856     1.5992     0.1538     0.7896        220     27.375    33.2320    24.6735     7.1995     87.020    8.26673      0.685 0.0000e+00
     14.894     15.001    14.6282    33.4126   4.062730     2.4285      8.068    82.1100     1.6180     0.1551     0.7884        221     27.500    33.2298    24.6874     7.2032     86.936    8.27911      0.710 0.0000e+00
     14.984     15.091    14.5515    33.4143   4.055605     2.4261      8.064    82.1100     1.5992     0.1538     0.7884        222     27.625    33.2304    24.7041     7.2182     86.984    8.29200      0.734 0.0000e+00
     15.077     15.185    14.4767    33.4118   4.048378     2.4236      8.064    82.1100     1.6180     0.1551     0.7884        223     27.750    33.2283    24.7184     7.2359     87.064    8.30474      0.758 0.0000e+00
     15.174     15.282    14.3997    33.4009   4.041740     2.4200      8.060    82.1100     1.5992     0.1538     0.7884        224     27.875    33.2335    24.7387     7.2494     87.094    8.31752      0.780 0.0000e+00
     15.274     15.383    14.3305    33.3889   4.036651     2.4175      8.060    82.1100     1.5992     0.1538     0.7884        225     28.000    33.2463    24.7631     7.2666     87.187    8.32863      0.799 0.0000e+00
     15.377     15.486    14.2828    33.3821   4.032898     2.4175      8.060    82.1100     1.6368     0.1563     0.7884        226     28.125    33.2528    24.7781     7.2934     87.427    8.33642      0.815 0.0000e+00
     15.482     15.593    14.2495    33.3774   4.029731     2.4163      8.060    83.4978     1.6180     0.1551     0.7214        227     28.250    33.2522    24.7847     7.3113     87.582    8.34212      0.829 0.0000e+00
     15.590     15.701    14.2188    33.3715   4.027054     2.4188      8.060    83.4978     1.5992     0.1538     0.7214        228     28.375    33.2540    24.7925     7.3459     87.943    8.34727      0.838 0.0000e+00
     15.699     15.811    14.1917    33.3659   4.025045     2.4175      8.060    83.4978     1.6368     0.1563     0.7214        229     28.500    33.2588    24.8019     7.3646     88.122    8.35165      0.844 0.0000e+00
     15.809     15.921    14.1730    33.3628   4.023514     2.4188      8.061    83.4978     1.6368     0.1563     0.7214        230     28.625    33.2608    24.8073     7.3887     88.377    8.35475      0.846 0.0000e+00
     15.919     16.032    14.1598    33.3608   4.022169     2.4212      8.065    83.5222     1.6744     0.1587     0.7202        231     28.750    33.2597    24.8092     7.4122     88.634    8.35707      0.844 0.0000e+00
     16.028     16.142    14.1460    33.3583   4.020985     2.4212      8.061    83.4978     1.6932     0.1600     0.7214        232     28.875    33.2607    24.8128     7.4244     88.755    8.35938      0.838 0.0000e+00
     16.135     16.250    14.1333    33.3564   4.020057     2.4224      8.061    83.4248     1.7121     0.1612     0.7249        233     29.000    33.2630    24.8173     7.4361     88.875    8.36143      0.827 0.0000e+00
     16.239     16.355    14.1240    33.3560   4.019261     2.4249      8.065    85.4701     1.6744     0.1587     0.6280        234     29.125    33.2636    24.8197     7.4485     89.005    8.36300      0.813 0.0000e+00
     16.342     16.459    14.1158    33.3556   4.018373     2.4224      8.065    85.4944     1.7121     0.1612     0.6269        235     29.250    33.2625    24.8205     7.4396     88.884    8.36446      0.795 0.0000e+00
     16.442     16.559    14.1061    33.3540   4.017449     2.4285      8.065    85.4944     1.7309     0.1624     0.6269        236     29.375    33.2623    24.8224     7.4613     89.125    8.36614      0.775 0.0000e+00
     16.538     16.656    14.0956    33.3511   4.016673     2.4310      8.070    85.4944     1.7685     0.1648     0.6269        237     29.500    33.2641    24.8260     7.4709     89.222    8.36784      0.753 0.0000e+00
     16.631     16.750    14.0875    33.3467   4.016139     2.4322      8.070    85.4701     1.7497     0.1636     0.6280        238     29.625    33.2662    24.8293     7.4720     89.222    8.36913      0.729 0.0000e+00
     16.721     16.840    14.0830    33.3427   4.015945     2.4310      8.070    85.4701     1.7309     0.1624     0.6280        239     29.750    33.2682    24.8318     7.4628     89.105    8.36979      0.706 0.0000e+00
     16.807     16.927    14.0830    33.3414   4.016053     2.4322      8.056    85.7135     1.6932     0.1600     0.6166        240     29.875    33.2692    24.8325     7.4665     89.149    8.36974      0.683 0.0000e+00
     16.889     17.010    14.0853    33.3425   4.016180     2.4322      8.070    86.2492     1.7497     0.1636     0.5917        241     30.000    33.2683    24.8314     7.4634     89.116    8.36939      0.663 0.0000e+00
     16.967     17.088    14.0858    33.3457   4.016087     2.4322      8.070    86.2249     1.7873     0.1661     0.5928        242     30.125    33.2670    24.8303     7.4611     89.089    8.36937      0.646 0.0000e+00
     17.041     17.163    14.0831    33.3508   4.015536     2.4322      8.070    86.2249     1.7685     0.1648     0.5928        243     30.250    33.2642    24.8287     7.4602     89.071    8.36998      0.632 0.0000e+00
     17.113     17.235    14.0750    33.3532   4.014308     2.4322      8.075    86.2492     1.7685     0.1648     0.5917        244     30.375    33.2599    24.8270     7.4559     89.004    8.37160      0.622 0.0000e+00
     17.184     17.306    14.0587    33.3495   4.012771     2.4334      8.075    86.2492     1.7873     0.1661     0.5917        245     30.500    33.2597    24.8303     7.4608     89.033    8.37441      0.617 0.0000e+00
     17.254     17.377    14.0415    33.3439   4.011571     2.4334      8.075    86.2249     1.7873     0.1661     0.5928        246     30.625    33.2634    24.8367     7.4638     89.040    8.37717      0.617 0.0000e+00
     17.324     17.448    14.0318    33.3401   4.010851     2.4334      8.075    85.7866     1.7873     0.1661     0.6132        247     30.750    33.2651    24.8400     7.4639     89.024    8.37875      0.621 0.0000e+00
     17.397     17.521    14.0265    33.3373   4.010474     2.4371      8.075    85.7866     1.8061     0.1673     0.6132        248     30.875    33.2662    24.8420     7.4794     89.200    8.37961      0.629 0.0000e+00
     17.472     17.597    14.0231    33.3355   4.010312     2.4371      8.075    85.7866     1.7873     0.1661     0.6132        249     31.000    33.2676    24.8438     7.4805     89.208    8.38012      0.641 0.0000e+00
     17.550     17.675    14.0223    33.3356   4.010199     2.4383      8.075    85.7866     1.7685     0.1648     0.6132        250     31.125    33.2672    24.8436     7.4851     89.260    8.38028      0.656 0.0000e+00
     17.632     17.758    14.0215    33.3368   4.009947     2.4383      8.071    85.7866     1.7873     0.1661     0.6132        251     31.250    33.2656    24.8425     7.4865     89.276    8.38050      0.674 0.0000e+00
     17.717     17.844    14.0178    33.3364   4.009502     2.4383      8.075    85.7866     1.7685     0.1648     0.6132        252     31.375    33.2646    24.8425     7.4873     89.277    8.38119      0.693 0.0000e+00
     17.806     17.933    14.0115    33.3338   4.009041     2.4371      8.075    85.7866     1.7685     0.1648     0.6132        253     31.500    33.2657    24.8447     7.4825     89.209    8.38221      0.711 0.0000e+00
     17.897     18.024    14.0069    33.3309   4.008745     2.4383      8.075    85.3727     1.7873     0.1661     0.6326        254     31.625    33.2669    24.8466     7.4823     89.199    8.38294      0.729 0.0000e+00
     17.990     18.118    14.0052    33.3292   4.008620     2.4359      8.075    85.3727     1.8061     0.1673     0.6326        255     31.750    33.2672    24.8472     7.4718     89.071    8.38322      0.746 0.0000e+00
     18.086     18.215    14.0049    33.3286   4.008581     2.4395      8.075    85.3727     1.8249     0.1685     0.6326        256     31.875    33.2671    24.8471     7.4823     89.196    8.38328      0.759 0.0000e+00
     18.184     18.314    14.0043    33.3281   4.008541     2.4395      8.075    85.3727     1.8061     0.1673     0.6326        257     32.000    33.2672    24.8473     7.4807     89.176    8.38338      0.770 0.0000e+00
     18.285     18.415    14.0033    33.3279   4.008532     2.4395      8.075    85.3727     1.8249     0.1685     0.6326        258     32.125    33.2679    24.8481     7.4789     89.153    8.38351      0.777 0.0000e+00
     18.386     18.517    14.0024    33.3284   4.008608     2.4420      8.075    85.3727     1.8061     0.1673     0.6326        259     32.250    33.2694    24.8494     7.4866     89.244    8.38359      0.780 0.0000e+00
     18.488     18.619    14.0015    33.3287   4.008705     2.4420      8.066    85.2753     1.7497     0.1636     0.6371        260     32.375    33.2710    24.8509     7.4846     89.219    8.38366      0.780 0.0000e+00
     18.588     18.721    14.0006    33.3281   4.008770     2.4420      8.075    85.9570     1.7685     0.1648     0.6053        261     32.500    33.2724    24.8521     7.4814     89.181    8.38375      0.775 0.0000e+00
     18.687     18.820    14.0007    33.3274   4.008802     2.4371      8.075    85.9570     1.8061     0.1673     0.6053        262     32.625    33.2725    24.8522     7.4580     88.901    8.38372      0.766 0.0000e+00
     18.785     18.919    14.0011    33.3260   4.008727     2.4420      8.075    85.9570     1.7873     0.1661     0.6053        263     32.750    33.2714    24.8513     7.4740     89.092    8.38371      0.755 0.0000e+00
     18.881     19.016    14.0010    33.3243   4.008582     2.4407      8.075    85.9570     1.7873     0.1661     0.6053        264     32.875    33.2701    24.8503     7.4635     88.966    8.38379      0.740 0.0000e+00
     18.975     19.110    14.0006    33.3237   4.008528     2.4395      8.075    85.9570     1.8061     0.1673     0.6053        265     33.000    33.2700    24.8502     7.4559     88.875    8.38387      0.723 0.0000e+00
     19.065     19.201    13.9999    33.3240   4.008574     2.4395      8.075    85.9327     1.7685     0.1648     0.6064        266     33.125    33.2710    24.8511     7.4535     88.845    8.38394      0.705 0.0000e+00
     19.151     19.288    13.9990    33.3243   4.008632     2.4383      8.066    85.8109     1.7497     0.1636     0.6121        267     33.250    33.2722    24.8523     7.4468     88.765    8.38403      0.687 0.0000e+00
     19.233     19.371    13.9983    33.3240   4.008676     2.4383      8.075    85.8109     1.7873     0.1661     0.6121        268     33.375    33.2732    24.8532     7.4478     88.776    8.38410      0.668 0.0000e+00
     19.312     19.451    13.9978    33.3233   4.008694     2.4371      8.075    85.8109     1.7685     0.1648     0.6121        269     33.500    33.2738    24.8538     7.4449     88.741    8.38416      0.650 0.0000e+00
     19.390     19.528    13.9979    33.3224   4.008681     2.4371      8.075    85.7866     1.7309     0.1624     0.6132        270     33.625    33.2735    24.8536     7.4473     88.770    8.38415      0.634 0.0000e+00
     19.465     19.604    13.9980    33.3219   4.008673     2.4371      8.075    85.8109     1.8061     0.1673     0.6121        271     33.750    33.2733    24.8534     7.4440     88.731    8.38414      0.618 0.0000e+00
     19.539     19.678    13.9977    33.3215   4.008691     2.4371      8.075    85.7866     1.8061     0.1673     0.6132        272     33.875    33.2737    24.8538     7.4475     88.772    8.38417      0.603 0.0000e+00
     19.611     19.750    13.9974    33.3210   4.008719     2.4359      8.075    85.7866     1.9753     0.1783     0.6132        273     34.000    33.2742    24.8542     7.4444     88.734    8.38420      0.590 0.0000e+00
     19.681     19.822    13.9971    33.3206   4.008789     2.4359      8.075    85.8109     1.8437     0.1697     0.6121        274     34.125    33.2751    24.8549     7.4431     88.719    8.38421      0.578 0.0000e+00
     19.752     19.893    13.9972    33.3201   4.008866     2.4359      8.075    85.8109     1.8249     0.1685     0.6121        275     34.250    33.2757    24.8554     7.4473     88.770    8.38416      0.566 0.0000e+00
     19.822     19.964    13.9978    33.3189   4.008855     2.4359      8.075    85.8109     1.8061     0.1673     0.6121        276     34.375    33.2751    24.8548     7.4505     88.808    8.38409      0.554 0.0000e+00
     19.892     20.034    13.9985    33.3176   4.008802     2.4359      8.075    85.8109     1.7873     0.1661     0.6121        277     34.500    33.2739    24.8537     7.4549     88.862    8.38403      0.540 0.0000e+00
     19.961     20.103    13.9987    33.3168   4.008790     2.4359      8.075    85.8109     1.7685     0.1648     0.6121        278     34.625    33.2736    24.8535     7.4593     88.914    8.38401      0.524 0.0000e+00
     20.028     20.171    13.9985    33.3163   4.008804     2.4346      8.075    85.8109     1.7873     0.1661     0.6121        279     34.750    33.2739    24.8537     7.4607     88.930    8.38403      0.505 0.0000e+00
     20.094     20.237    13.9986    33.3161   4.008852     2.4359      8.075    85.8109     1.8249     0.1685     0.6121        280     34.875    33.2742    24.8540     7.4716     89.061    8.38399      0.483 0.0000e+00
     20.157     20.301    13.9985    33.3159   4.008911     2.4346      8.080    85.8596     1.7685     0.1648     0.6098        281     35.000    33.2748    24.8544     7.4718     89.063    8.38398      0.457 0.0000e+00
     20.218     20.362    13.9984    33.3156   4.008941     2.4322      8.080    85.8596     1.8061     0.1673     0.6098        282     35.125    33.2752    24.8547     7.4670     89.006    8.38398      0.428 0.0000e+00
     20.274     20.419    13.9986    33.3159   4.009012     2.4371      8.075    85.8596     1.7873     0.1661     0.6098        283     35.250    33.2756    24.8550     7.4909     89.291    8.38392      0.396 0.0000e+00
     20.324     20.469    13.9984    33.3168   4.009148     2.4371      8.075    85.8596     1.7873     0.1661     0.6098        284     35.375    33.2771    24.8562     7.4958     89.350    8.38388      0.361 0.0000e+00
     20.369     20.514    13.9980    33.3171   4.009245     2.4383      8.075    85.8353     1.8061     0.1673     0.6110        285     35.500    33.2783    24.8572     7.5055     89.466    8.38389      0.325 0.0000e+00
     20.407     20.553    13.9977    33.3165   4.009273     2.4395      8.075    85.8353     1.8061     0.1673     0.6110        286     35.625    33.2788    24.8577     7.5139     89.566    8.38391      0.288 0.0000e+00
     20.439     20.586    13.9978    33.3160   4.009302     2.4420      8.061    85.7622     1.7685     0.1648     0.6144        287     35.750    33.2790    24.8578     7.5260     89.711    8.38389      0.251 -9.990e-29
     20.465     20.612    13.9982    33.3159   4.009359     2.4420      8.075    85.3240     1.8437     0.1697     0.6349        288     35.875    33.2791    24.8578     7.5268     89.721    8.38381      0.215 -9.990e-29
     20.486     20.632    13.9984    33.3151   4.009407     2.4420      8.075    85.3240     1.7873     0.1661     0.6349        289     36.000    33.2794    24.8580     7.5285     89.742    8.38376      0.182 -9.990e-29
