Data/Test_Data/i1.cnv
* Sea-Bird SBE 25 Data File:
* FileName = C:\wq\Unit#3\I1.hex
* Software Version Seasave V 7.23.2
* Temperature SN = 0720
* Conductivity SN = 0777
* System UpLoad Time = Aug 04 2015 09:53:11
** Agency: City of San Diego
** Vessel: Oceanus
** Cruise:
** Date:
** Latitude:
** Longitude:
# nquan = 22                                
# nvalues = 892                         
# units = specified
# name 0 = prSM: Pressure, Strain Gauge [db]
# name 1 = depSM: Depth [salt water, m], lat = 33.00
# name 2 = t090C: Temperature [ITS-90, deg C]
# name 3 = sal00: Salinity, Practical [PSU]
# name 4 = c0S/m: Conductivity [S/m]
# name 5 = sbeox0V: Oxygen raw, SBE 43 [V]
# name 6 = ph: pH
# name 7 = xmiss: Beam Transmission, Chelsea/Seatech [%]
# name 8 = wetStar: Fluorescence, WET Labs WETstar [mg/m^3]
# name 9 = v4: Voltage 4
# name 10 = wetCDOM: Fluorescence, WET Labs CDOM [mg/m^3]
# name 11 = v5: Voltage 5
# name 12 = bat: Beam Attenuation, Chelsea/Seatech [1/m]
# name 13 = scan: Scan Count
# name 14 = timeS: Time, Elapsed [seconds]
# name 15 = sal00: Salinity, Practical [PSU]
# name 16 = sbeox0Mg/L: Oxygen, SBE 43 [mg/l], WS = 2
# name 17 = sbeox0PS: Oxygen, SBE 43 [% saturation], WS = 2
# name 18 = oxsatMg/L: Oxygen Saturation, Weiss [mg/l]
# name 19 = sigma-t00: Density [sigma-t, kg/m^3 ]
# name 20 = dz/dtM: Descent Rate [m/s], WS = 2
# name 21 = flag: flag
# span 0 =      0.913,     60.645       
# span 1 =      0.907,     60.209       
# span 2 =    11.9726,    22.2343       
# span 3 =    33.2324,    33.6193       
# span 4 =   3.835775,   4.816381       
# span 5 =     2.0620,     2.9548       
# span 6 =      7.966,      8.210       
# span 7 =    82.4635,    90.2830       
# span 8 =     0.2462,     4.5979       
# span 9 =     0.0952,     0.4176       
# span 10 =     2.4638,     4.5287      
# span 11 =     0.1966,     0.2650      
# span 12 =     0.4089,     0.7713      
# span 13 =          1,        892      
# span 14 =      0.000,    111.375      
# span 15 =    33.1795,    33.4240      
# span 16 =     5.8284,     8.4358      
# span 17 =     66.708,    106.283      
# span 18 =    7.15395,    8.73987      
# span 19 =    22.9404,    25.3537      
# span 20 =     -0.965,      0.995      
# span 21 = 0.0000e+00, 0.0000e+00      
# interval = seconds: 0.125
# start_time = Aug 04 2015 16:53:11 [System UTC, header]
# bad_flag = -9.990e-29
*END*
[from data line 132]
      4.384      4.354    20.1269    33.5425   4.610003     2.8462      8.196    88.9999     0.2957     0.0989     2.5744     0.2002     0.4661        133     16.500    33.4124     7.5595    101.499    7.43352    23.5180      0.766 0.0000e+00
      4.478      4.447    20.0644    33.5339   4.605332     2.8474      8.197    89.0725     0.2957     0.0989     2.4638     0.1966     0.4629        134     16.625    33.4240     7.5795    101.658    7.44162    23.5432      0.768 0.0000e+00
      4.573      4.541    20.0242    33.5349   4.600984     2.8486      8.192    89.1452     0.2957     0.0989     2.5744     0.2002     0.4596        135     16.750    33.4206     7.5968    101.813    7.44732    23.5511      0.771 0.0000e+00
      4.667      4.634    19.9918    33.5453   4.595815     2.8498      8.192    89.1936     0.2957     0.0989     2.5375     0.1990     0.4574        136     16.875    33.4042     7.6130    101.960    7.45251    23.5471      0.776 0.0000e+00
      4.762      4.729    19.9379    33.5524   4.588990     2.8510      8.192    89.2420     0.2957     0.0989     2.6850     0.2039     0.4553        137     17.000    33.3914     7.6299    102.078    7.46054    23.5514      0.782 0.0000e+00
      4.859      4.825    19.8642    33.5482   4.581101     2.8523      8.188    89.2904     0.2792     0.0977     2.6481     0.2027     0.4531        138     17.125    33.3856     7.6487    102.187    7.47102    23.5662      0.790 0.0000e+00
      4.957      4.922    19.7839    33.5341   4.573751     2.8547      8.188    89.3146     0.2792     0.0977     2.5006     0.1978     0.4520        139     17.250    33.3894     7.6731    102.363    7.48202    23.5899      0.800 0.0000e+00
      5.056      5.020    19.7147    33.5184   4.568153     2.8559      8.189    89.3873     0.2957     0.0989     2.5006     0.1978     0.4488        140     17.375    33.3987     7.6889    102.449    7.49126    23.6150      0.811 0.0000e+00
      5.155      5.119    19.6680    33.5069   4.564563     2.8571      8.189    89.4599     0.2627     0.0965     2.5744     0.2002     0.4455        141     17.500    33.4065     7.7002    102.515    7.49744    23.6330      0.824 0.0000e+00
      5.258      5.221    19.6386    33.4996   4.562363     2.8584      8.189    89.5083     0.2957     0.0989     2.5375     0.1990     0.4434        142     17.625    33.4119     7.7104    102.599    7.50132    23.6447      0.836 0.0000e+00
      5.363      5.325    19.6217    33.4950   4.560815     2.8608      8.189    89.6051     0.2792     0.0977     2.6112     0.2015     0.4390        143     17.750    33.4127     7.7207    102.704    7.50365    23.6496      0.849 0.0000e+00
      5.471      5.433    19.6104    33.4930   4.559671     2.8620      8.189    89.6536     0.2957     0.0989     2.4638     0.1966     0.4369        144     17.875    33.4123     7.7271    102.768    7.50525    23.6523      0.861 0.0000e+00
      5.582      5.542    19.5999    33.4935   4.558842     2.8632      8.189    89.7020     0.2792     0.0977     2.5744     0.2002     0.4347        145     18.000    33.4138     7.7328    102.824    7.50665    23.6561      0.872 0.0000e+00
      5.694      5.654    19.5901    33.4940   4.557955     2.8645      8.189    89.7504     0.2792     0.0977     2.5375     0.1990     0.4326        146     18.125    33.4144     7.7380    102.875    7.50800    23.6591      0.881 0.0000e+00
      5.807      5.766    19.5798    33.4917   4.556752     2.8669      8.189    89.7504     0.2792     0.0977     2.6850     0.2039     0.4326        147     18.250    33.4127     7.7476    102.982    7.50952    23.6604      0.888 0.0000e+00
      5.922      5.880    19.5689    33.4895   4.555443     2.8681      8.189    89.7988     0.2627     0.0965     2.6850     0.2039     0.4304        148     18.375    33.4106     7.7554    103.064    7.51115    23.6616      0.892 0.0000e+00
      6.037      5.994    19.5586    33.4922   4.554195     2.8681      8.189    89.8230     0.2627     0.0965     2.6112     0.2015     0.4293        149     18.500    33.4085     7.7596    103.098    7.51268    23.6627      0.893 0.0000e+00
      6.152      6.109    19.5463    33.4984   4.552563     2.8718      8.189    89.8472     0.2627     0.0965     2.6112     0.2015     0.4282        150     18.625    33.4049     7.7764    103.296    7.51457    23.6631      0.889 0.0000e+00
      6.268      6.223    19.5261    33.5014   4.550068     2.8718      8.189    89.8714     0.2627     0.0965     2.6112     0.2015     0.4272        151     18.750    33.4005     7.7815    103.322    7.51761    23.6650      0.881 0.0000e+00
      6.381      6.336    19.4975    33.4983   4.547213     2.8742      8.189    89.8957     0.2792     0.0977     2.6850     0.2039     0.4261        152     18.875    33.3999     7.7969    103.471    7.52166    23.6718      0.869 0.0000e+00
      6.493      6.447    19.4669    33.4936   4.544878     2.8755      8.190    89.8714     0.2462     0.0952     2.7956     0.2076     0.4272        153     19.000    33.4051     7.8089    103.576    7.52573    23.6837      0.853 0.0000e+00
      6.603      6.556    19.4446    33.4929   4.542918     2.8767      8.190    89.9199     0.2792     0.0977     2.7219     0.2051     0.4250        154     19.125    33.4068     7.8171    103.642    7.52880    23.6907      0.833 0.0000e+00
      6.710      6.663    19.4292    33.4965   4.540464     2.8791      8.190    89.9199     0.2792     0.0977     2.6112     0.2015     0.4250        155     19.250    33.3989     7.8288    103.762    7.53132    23.6886      0.809 0.0000e+00
      6.813      6.765    19.4069    33.5014   4.536939     2.8816      8.190    89.9441     0.2792     0.0977     2.5375     0.1990     0.4239        156     19.375    33.3877     7.8408    103.872    7.53497    23.6858      0.784 0.0000e+00
      6.912      6.864    19.3714    33.5015   4.532492     2.8840      8.190    89.8472     0.2627     0.0965     2.6112     0.2015     0.4282        157     19.500    33.3794     7.8533    103.964    7.54035    23.6885      0.756 0.0000e+00
      7.006      6.956    19.3242    33.4956   4.528121     2.8864      8.195    89.9199     0.2627     0.0965     2.6850     0.2039     0.4250        158     19.625    33.3811     7.8634    104.008    7.54695    23.7019      0.729 0.0000e+00
      7.093      7.043    19.2796    33.4896   4.524591     2.8877      8.195    89.9683     0.2627     0.0965     2.6112     0.2015     0.4229        159     19.750    33.3877     7.8727    104.048    7.55298    23.7183      0.703 0.0000e+00
      7.176      7.126    19.2477    33.4860   4.521593     2.8901      8.195    89.9683     0.2792     0.0977     2.6112     0.2015     0.4229        160     19.875    33.3885     7.8816    104.105    7.55747    23.7271      0.679 0.0000e+00
      7.255      7.204    19.2219    33.4843   4.518660     2.8926      8.191    89.9925     0.2627     0.0965     2.6112     0.2015     0.4218        161     20.000    33.3849     7.8893    104.154    7.56129    23.7309      0.658 0.0000e+00
      7.331      7.279    19.1954    33.4836   4.515831     2.8926      8.195    89.9925     0.2792     0.0977     2.6481     0.2027     0.4218        162     20.125    33.3828     7.8883    104.088    7.56516    23.7360      0.642 0.0000e+00
      7.403      7.351    19.1658    33.4786   4.513323     2.8950      8.191    89.9925     0.2627     0.0965     2.5744     0.2002     0.4218        163     20.250    33.3858     7.8959    104.133    7.56924    23.7458      0.630 0.0000e+00
      7.473      7.420    19.1382    33.4729   4.511401     2.8950      8.196    89.9925     0.2627     0.0965     2.6850     0.2039     0.4218        164     20.375    33.3920     7.8945    104.065    7.57289    23.7576      0.625 0.0000e+00
      7.543      7.490    19.1238    33.4768   4.509963     2.8962      8.196    89.9925     0.2627     0.0965     2.7587     0.2063     0.4218        165     20.500    33.3916     7.8952    104.045    7.57496    23.7610      0.625 0.0000e+00
      7.615      7.561    19.1121    33.4852   4.508128     2.8962      8.196    89.9925     0.2627     0.0965     2.5744     0.2002     0.4218        166     20.625    33.3858     7.8904    103.957    7.57689    23.7595      0.631 0.0000e+00
      7.689      7.635    19.0862    33.4874   4.505319     2.8987      8.196    90.0167     0.2627     0.0965     2.5375     0.1990     0.4207        167     20.750    33.3833     7.8962    103.981    7.58070    23.7641      0.643 0.0000e+00
      7.766      7.712    19.0535    33.4837   4.501968     2.8999      8.196    90.0167     0.2792     0.0977     2.6481     0.2027     0.4207        168     20.875    33.3818     7.8982    103.942    7.58544    23.7712      0.661 0.0000e+00
      7.847      7.792    19.0223    33.4790   4.498711     2.8999      8.196    90.0167     0.2792     0.0977     2.6112     0.2015     0.4207        169     21.000    33.3798     7.8956    103.847    7.58999    23.7776      0.682 0.0000e+00
      7.932      7.876    18.9933    33.4755   4.495740     2.9011      8.196    89.9925     0.2792     0.0977     2.5744     0.2002     0.4218        170     21.125    33.3785     7.8981    103.823    7.59420    23.7839      0.708 0.0000e+00
      8.021      7.964    18.9665    33.4758   4.492955     2.9035      8.196    89.9683     0.2627     0.0965     2.5744     0.2002     0.4229        171     21.250    33.3769     7.9019    103.820    7.59811    23.7895      0.736 0.0000e+00
      8.113      8.056    18.9404    33.4809   4.489864     2.9035      8.196    89.9683     0.2627     0.0965     2.5744     0.2002     0.4229        172     21.375    33.3722     7.8997    103.737    7.60207    23.7925      0.766 0.0000e+00
      8.210      8.152    18.9091    33.4868   4.485757     2.9035      8.197    89.9441     0.2792     0.0977     2.6850     0.2039     0.4239        173     21.500    33.3632     7.8991    103.663    7.60697    23.7935      0.796 0.0000e+00
      8.312      8.253    18.8661    33.4898   4.480739     2.9023      8.197    89.9199     0.2627     0.0965     2.6850     0.2039     0.4250        174     21.625    33.3560     7.8968    103.545    7.61348    23.7988      0.826 0.0000e+00
      8.419      8.360    18.8123    33.4862   4.475481     2.9023      8.197    89.8957     0.2792     0.0977     2.6112     0.2015     0.4261        175     21.750    33.3555     7.9003    103.486    7.62125    23.8120      0.855 0.0000e+00
      8.530      8.470    18.7565    33.4773   4.470576     2.9023      8.197    89.8714     0.2627     0.0965     2.6850     0.2039     0.4272        176     21.875    33.3596     7.9088    103.492    7.62912    23.8291      0.883 0.0000e+00
      8.645      8.584    18.7122    33.4732   4.466252     2.9011      8.197    89.8472     0.2627     0.0965     2.6481     0.2027     0.4282        177     22.000    33.3592     7.9138    103.472    7.63555    23.8399      0.908 0.0000e+00
      8.763      8.701    18.6773    33.4765   4.461782     2.9011      8.197    89.8714     0.2462     0.0952     2.5375     0.1990     0.4272        178     22.125    33.3500     7.9224    103.510    7.64102    23.8416      0.931 0.0000e+00
      8.884      8.821    18.6356    33.4804   4.456292     2.8999      8.198    89.8957     0.2792     0.0977     2.6481     0.2027     0.4261        179     22.250    33.3377     7.9299    103.520    7.64763    23.8426      0.950 0.0000e+00
      9.007      8.943    18.5801    33.4851   4.449822     2.8999      8.198    89.8714     0.2792     0.0977     2.7219     0.2051     0.4272        180     22.375    33.3284     7.9494    103.660    7.65612    23.8493      0.967 0.0000e+00
      9.132      9.068    18.5152    33.4919   4.442587     2.9011      8.198    89.8472     0.2792     0.0977     2.7219     0.2051     0.4282        181     22.500    33.3202     7.9771    103.890    7.66594    23.8591      0.980 0.0000e+00
      9.259      9.194    18.4390    33.4920   4.434765     2.9011      8.198    89.8230     0.2792     0.0977     2.7587     0.2063     0.4293        182     22.625    33.3162     8.0049    104.099    7.67725    23.8750      0.989 0.0000e+00
      9.387      9.321    18.3535    33.4843   4.427326     2.9023      8.199    89.7988     0.2792     0.0977     2.7219     0.2051     0.4304        183     22.750    33.3229     8.0368    104.350    7.68946    23.9012      0.994 0.0000e+00
      9.515      9.448    18.2786    33.4799   4.421036     2.9048      8.199    89.8230     0.2792     0.0977     2.7219     0.2051     0.4293        184     22.875    33.3306     8.0715    104.657    7.70010    23.9256      0.995 0.0000e+00
      9.643      9.575    18.2196    33.4794   4.415246     2.9060      8.199    89.8230     0.2627     0.0965     2.7587     0.2063     0.4293        185     23.000    33.3297     8.0996    104.904    7.70882    23.9394      0.991 0.0000e+00
      9.769      9.700    18.1621    33.4751   4.409118     2.9072      8.200    89.8230     0.2627     0.0965     2.7219     0.2051     0.4293        186     23.125    33.3246     8.1257    105.125    7.71753    23.9497      0.983 0.0000e+00
      9.895      9.825    18.1031    33.4681   4.402906     2.9084      8.205    89.8714     0.2792     0.0977     2.6481     0.2027     0.4272        187     23.250    33.3201     8.1509    105.330    7.72646    23.9606      0.971 0.0000e+00
     10.020      9.950    18.0471    33.4645   4.397157     2.9121      8.200    89.8957     0.2627     0.0965     2.7219     0.2051     0.4261        188     23.375    33.3170     8.1795    105.585    7.73490    23.9720      0.954 0.0000e+00
     10.144     10.072    17.9928    33.4633   4.391364     2.9158      8.200    89.8957     0.2792     0.0977     2.6850     0.2039     0.4261        189     23.500    33.3121     8.2047    105.799    7.74319    23.9815      0.932 0.0000e+00
     10.264     10.192    17.9383    33.4571   4.384876     2.9194      8.200    89.8714     0.2627     0.0965     2.7956     0.2076     0.4272        190     23.625    33.3014     8.2267    105.966    7.75178    23.9866      0.907 0.0000e+00
     10.380     10.307    17.8781    33.4448   4.378717     2.9219      8.201    89.8714     0.2792     0.0977     2.7587     0.2063     0.4272        191     23.750    33.2982     8.2409    106.025    7.76091    23.9987      0.879 0.0000e+00
     10.490     10.416    17.8198    33.4339   4.374312     2.9243      8.201    89.8714     0.2792     0.0977     2.7956     0.2076     0.4272        192     23.875    33.3083     8.2491    106.019    7.76914    24.0206      0.849 0.0000e+00
     10.596     10.521    17.7787    33.4270   4.371595     2.9267      8.201    89.8714     0.2792     0.0977     2.7956     0.2076     0.4272        193     24.000    33.3187     8.2533    105.997    7.77480    24.0385      0.817 0.0000e+00
     10.696     10.621    17.7535    33.4220   4.369827     2.9292      8.206    89.8472     0.2792     0.0977     2.7587     0.2063     0.4282        194     24.125    33.3242     8.2516    105.928    7.77832    24.0488      0.784 0.0000e+00
     10.792     10.716    17.7375    33.4176   4.368617     2.9316      8.201    89.7988     0.2792     0.0977     2.7587     0.2063     0.4304        195     24.250    33.3270     8.2460    105.826    7.78059    24.0548      0.753 0.0000e+00
     10.882     10.805    17.7270    33.4135   4.367813     2.9328      8.201    89.7988     0.2792     0.0977     2.7587     0.2063     0.4304        196     24.375    33.3287     8.2336    105.647    7.78208    24.0586      0.722 0.0000e+00
     10.965     10.888    17.7203    33.4100   4.367338     2.9341      8.201    89.8230     0.2792     0.0977     2.8694     0.2100     0.4293        197     24.500    33.3301     8.2224    105.490    7.78302    24.0613      0.694 0.0000e+00
