Data/Test_Data/i1.cnv
* Sea-Bird SBE 25 Data File:
* FileName = C:\wq\Unit#3\I1.hex
* Software Version Seasave V 7.23.2
* Temperature SN = 0720
* Conductivity SN = 0777
* System UpLoad Time = Aug 04 2015 09:53:11
** Agency: City of San Diego
** Vessel: Oceanus
** Cruise:
** Date:
** Latitude:
** Longitude:
# nquan = 22                                
# nvalues = 892                         
# units = specified
# name 0 = prSM: Pressure, Strain Gauge [db]
# name 1 = depSM: Depth [salt water, m], lat = 33.00
# name 2 = t090C: Temperature [ITS-90, deg C]
# name 3 = sal00: Salinity, Practical [PSU]
# name 4 = c0S/m: Conductivity [S/m]
# name 5 = sbeox0V: Oxygen raw, SBE 43 [V]
# name 6 = ph: pH
# name 7 = xmiss: Beam Transmission, Chelsea/Seatech [%]
# name 8 = wetStar: Fluorescence, WET Labs WETstar [mg/m^3]
# name 9 = v4: Voltage 4
# name 10 = wetCDOM: Fluorescence, WET Labs CDOM [mg/m^3]
# name 11 = v5: Voltage 5
# name 12 = bat: Beam Attenuation, Chelsea/Seatech [1/m]
# name 13 = scan: Scan Count
# name 14 = timeS: Time, Elapsed [seconds]
# name 15 = sal00: Salinity, Practical [PSU]
# name 16 = sbeox0Mg/L: Oxygen, SBE 43 [mg/l], WS = 2
# name 17 = sbeox0PS: Oxygen, SBE 43 [% saturation], WS = 2
# name 18 = oxsatMg/L: Oxygen Saturation, Weiss [mg/l]
# name 19 = sigma-t00: Density [sigma-t, kg/m^3 ]
# name 20 = dz/dtM: Descent Rate [m/s], WS = 2
# name 21 = flag: flag
# span 0 =      0.913,     60.645       
# span 1 =      0.907,     60.209       
# span 2 =    11.9726,    22.2343       
# span 3 =    33.2324,    33.6193       
# span 4 =   3.835775,   4.816381       
# span 5 =     2.0620,     2.9548       
# span 6 =      7.966,      8.210       
# span 7 =    82.4635,    90.2830       
# span 8 =     0.2462,     4.5979       
# span 9 =     0.0952,     0.4176       
# span 10 =     2.4638,     4.5287      
# span 11 =     0.1966,     0.2650      
# span 12 =     0.4089,     0.7713      
# span 13 =          1,        892      
# span 14 =      0.000,    111.375      
# span 15 =    33.1795,    33.4240      
# span 16 =     5.8284,     8.4358      
# span 17 =     66.708,    106.283      
# span 18 =    7.15395,    8.73987      
# span 19 =    22.9404,    25.3537      
# span 20 =     -0.965,      0.995      
# span 21 = 0.0000e+00, 0.0000e+00      
# interval = seconds: 0.125
# start_time = Aug 04 2015 16:53:11 [System UTC, header]
# bad_flag = -9.990e-29
*END*
[from data line 856]
     58.456     58.036    12.1485    33.3631   3.849044     2.0865      7.980    90.2588     0.9220     0.1453     4.3075     0.2576     0.4100        857    107.000    33.3732     6.1282     70.357    8.70880    25.2977     -0.504 0.0000e+00
     58.395     57.975    12.1564    33.3626   3.849573     2.0877      7.980    90.1135     0.9056     0.1441     4.3812     0.2601     0.4164        858    107.125    33.3713     6.1373     70.472    8.70744    25.2947     -0.498 0.0000e+00
     58.335     57.916    12.1627    33.3619   3.850033     2.0889      7.980    90.1862     0.9056     0.1441     4.3443     0.2589     0.4132        859    107.250    33.3701     6.1469     70.591    8.70634    25.2926     -0.494 0.0000e+00
     58.275     57.856    12.1684    33.3611   3.850450     2.0914      7.980    90.2588     0.9220     0.1453     4.3443     0.2589     0.4100        860    107.375    33.3691     6.1619     70.771    8.70534    25.2908     -0.493 0.0000e+00
     58.214     57.796    12.1738    33.3602   3.850847     2.0926      7.980    90.2830 -9.990e-29 -9.990e-29     4.4918     0.2637     0.4089        861    107.500    33.3681     6.1723     70.899    8.70440    25.2890     -0.493 0.0000e+00
     58.155     57.736    12.1790    33.3583   3.851253     2.0938      7.980    90.2588 -9.990e-29 -9.990e-29     4.4918     0.2637     0.4100        862    107.625    33.3674     6.1829     71.027    8.70348    25.2875     -0.496 0.0000e+00
     58.095     57.678    12.1841    33.3548   3.851729     2.0963      7.984    90.2588 -9.990e-29 -9.990e-29     4.3812     0.2601     0.4100        863    107.750    33.3675     6.1981     71.210    8.70253    25.2865     -0.501 0.0000e+00
     58.036     57.618    12.1911    33.3515   3.852327     2.0975      7.984    90.2588 -9.990e-29 -9.990e-29     4.4181     0.2613     0.4100        864    107.875    33.3671     6.2034     71.281    8.70126    25.2849     -0.510 0.0000e+00
     57.975     57.558    12.2011    33.3499   3.852993     2.0999      7.984    90.2104 -9.990e-29 -9.990e-29     4.3812     0.2601     0.4121        865    108.000    33.3646     6.2189     71.473    8.69955    25.2811     -0.521 0.0000e+00
     57.913     57.497    12.2111    33.3489   3.853608     2.1036      7.984    90.1862 -9.990e-29 -9.990e-29     4.3075     0.2576     0.4132        866    108.125    33.3616     6.2402     71.732    8.69787    25.2769     -0.536 0.0000e+00
     57.848     57.432    12.2189    33.3468   3.854155     2.1048      7.984    90.2104 -9.990e-29 -9.990e-29     4.4181     0.2613     0.4121        867    108.250    33.3600     6.2512     71.869    8.69652    25.2741     -0.554 0.0000e+00
     57.780     57.365    12.2261    33.3440   3.854725     2.1072      7.989    90.2346 -9.990e-29 -9.990e-29     4.4550     0.2625     0.4110        868    108.375    33.3591     6.2671     72.063    8.69524    25.2720     -0.576 0.0000e+00
     57.709     57.294    12.2347    33.3423   3.855398     2.1097      7.989    90.2346 -9.990e-29 -9.990e-29 -9.990e-29 -9.990e-29     0.4110        869    108.500    33.3580     6.2840     72.269    8.69372    25.2695     -0.601 0.0000e+00
     57.635     57.221    12.2441    33.3420   3.856108     2.1121      7.989    90.1862 -9.990e-29 -9.990e-29 -9.990e-29 -9.990e-29     0.4132        870    108.625    33.3565     6.2921     72.376    8.69207    25.2666     -0.630 0.0000e+00
     57.558     57.144    12.2526    33.3420   3.856725     2.1146      7.989    90.1862 -9.990e-29 -9.990e-29 -9.990e-29 -9.990e-29     0.4132        871    108.750    33.3549     6.3069     72.559    8.69059    25.2637     -0.661 0.0000e+00
     57.477     57.064    12.2598    33.3417   3.857219     2.1146      7.989    90.1862 -9.990e-29 -9.990e-29 -9.990e-29 -9.990e-29     0.4132        872    108.875    33.3532     6.3060     72.558    8.68936    25.2611     -0.695 0.0000e+00
     57.390     56.978    12.2658    33.3405   3.857637     2.1207      7.989    90.1862 -9.990e-29 -9.990e-29 -9.990e-29 -9.990e-29     0.4132        873    109.000    33.3520     6.3345     72.894    8.68832    25.2589     -0.732 0.0000e+00
     57.298     56.886    12.2711    33.3384   3.858071     2.1231      7.994    90.1377 -9.990e-29 -9.990e-29 -9.990e-29 -9.990e-29     0.4153        874    109.125    33.3515     6.3385     72.949    8.68737    25.2575     -0.769 0.0000e+00
     57.200     56.789    12.2771    33.3363   3.858585     2.1256      7.994    90.1620 -9.990e-29 -9.990e-29 -9.990e-29 -9.990e-29     0.4143        875    109.250    33.3511     6.3625     73.233    8.68629    25.2561     -0.806 0.0000e+00
     57.096     56.686    12.2845    33.3339   3.859163     2.1292      7.994    90.1862 -9.990e-29 -9.990e-29 -9.990e-29 -9.990e-29     0.4132        876    109.375    33.3501     6.3727     73.362    8.68498    25.2540     -0.842 0.0000e+00
     56.987     56.578    12.2927    33.3317   3.859806 -9.990e-29      7.994    90.1862 -9.990e-29 -9.990e-29 -9.990e-29 -9.990e-29     0.4132        877    109.500    33.3491 -9.990e-29 -9.990e-29    8.68353    25.2516     -0.877 0.0000e+00
     56.873     56.464    12.3018    33.3308   3.860483 -9.990e-29      7.994    90.2104 -9.990e-29 -9.990e-29 -9.990e-29 -9.990e-29     0.4121        878    109.625    33.3475 -9.990e-29 -9.990e-29    8.68194    25.2486     -0.908 0.0000e+00
     56.753     56.345    12.3111    33.3310   3.861069 -9.990e-29      7.994    90.1135 -9.990e-29 -9.990e-29 -9.990e-29 -9.990e-29     0.4164        879    109.750    33.3450 -9.990e-29 -9.990e-29    8.68038    25.2449     -0.935 0.0000e+00
     56.628     56.221    12.3184    33.3316   3.861509 -9.990e-29      7.998    90.1377 -9.990e-29 -9.990e-29 -9.990e-29 -9.990e-29     0.4153        880    109.875    33.3427 -9.990e-29 -9.990e-29    8.67916    25.2417     -0.954 0.0000e+00
     56.499     56.093    12.3233    33.3316   3.861855 -9.990e-29      7.998    90.0893 -9.990e-29 -9.990e-29 -9.990e-29 -9.990e-29     0.4175        881    110.000    33.3418 -9.990e-29 -9.990e-29    8.67831    25.2401     -0.965 0.0000e+00
     56.369     55.963    12.3267    33.3304   3.862202 -9.990e-29      7.998    90.0409 -9.990e-29 -9.990e-29 -9.990e-29 -9.990e-29     0.4196        882    110.125    33.3421 -9.990e-29 -9.990e-29    8.67766    25.2397     -0.964 0.0000e+00
     56.237     55.832    12.3305    33.3278   3.862693 -9.990e-29      7.998    90.0167 -9.990e-29 -9.990e-29 -9.990e-29 -9.990e-29     0.4207        883    110.250    33.3435 -9.990e-29 -9.990e-29    8.67689    25.2400     -0.950 0.0000e+00
     56.105     55.702    12.3365    33.3243   3.863426 -9.990e-29      7.998    89.9683 -9.990e-29 -9.990e-29 -9.990e-29 -9.990e-29     0.4229        884    110.375    33.3453 -9.990e-29 -9.990e-29    8.67569    25.2403     -0.918 0.0000e+00
     55.976     55.573    12.3462    33.3191   3.864410 -9.990e-29      8.003    89.9199 -9.990e-29 -9.990e-29 -9.990e-29 -9.990e-29     0.4250        885    110.500    33.3462 -9.990e-29 -9.990e-29    8.67387    25.2391      0.000 0.0000e+00
     55.851     55.449    12.3595    33.3106   3.865692 -9.990e-29      8.003    89.9199 -9.990e-29 -9.990e-29 -9.990e-29 -9.990e-29     0.4250        886    110.625    33.3468 -9.990e-29 -9.990e-29    8.67140    25.2370      0.000 0.0000e+00
     55.734     55.333    12.3777    33.3010   3.867425 -9.990e-29      8.003    89.9199 -9.990e-29 -9.990e-29 -9.990e-29 -9.990e-29     0.4250        887    110.750    33.3473 -9.990e-29 -9.990e-29    8.66803    25.2339      0.000 0.0000e+00
     55.627     55.227    12.4041    33.2952   3.869517 -9.990e-29      8.003    89.8957 -9.990e-29 -9.990e-29 -9.990e-29 -9.990e-29     0.4261        888    110.875    33.3440 -9.990e-29 -9.990e-29    8.66338    25.2263      0.000 0.0000e+00
     55.534     55.135    12.4348    33.2933   3.871432 -9.990e-29      8.003    89.8472 -9.990e-29 -9.990e-29 -9.990e-29 -9.990e-29     0.4282        889    111.000    33.3351 -9.990e-29 -9.990e-29    8.65824    25.2135      0.000 0.0000e+00
     55.460     55.062    12.4614    33.2928   3.872546 -9.990e-29      8.008    89.8472 -9.990e-29 -9.990e-29 -9.990e-29 -9.990e-29     0.4282        890    111.125    33.3222 -9.990e-29 -9.990e-29    8.65408    25.1984      0.000 0.0000e+00
     55.411     55.013    12.4801 -9.990e-29 -9.990e-29 -9.990e-29      8.007    89.8472 -9.990e-29 -9.990e-29 -9.990e-29 -9.990e-29     0.4282        891    111.250 -9.990e-29 -9.990e-29 -9.990e-29 -9.990e-29 -9.990e-29      0.000 -9.990e-29
     55.394     54.996    12.4873 -9.990e-29 -9.990e-29 -9.990e-29      8.012    89.8472 -9.990e-29 -9.990e-29 -9.990e-29 -9.990e-29     0.4282        892    111.375 -9.990e-29 -9.990e-29 -9.990e-29 -9.990e-29 -9.990e-29      0.000 -9.990e-29
