Data/Test_Data/i1.cnv
* Sea-Bird SBE 25 Data File:
* FileName = C:\wq\Unit#3\I1.hex
* Software Version Seasave V 7.23.2
* Temperature SN = 0720
* Conductivity SN = 0777
* System UpLoad Time = Aug 04 2015 09:53:11
** Agency: City of San Diego
** Vessel: Oceanus
** Cruise:
** Date:
** Latitude:
** Longitude:
# nquan = 22                                
# nvalues = 892                         
# units = specified
# name 0 = prSM: Pressure, Strain Gauge [db]
# name 1 = depSM: Depth [salt water, m], lat = 33.00
# name 2 = t090C: Temperature [ITS-90, deg C]
# name 3 = sal00: Salinity, Practical [PSU]
# name 4 = c0S/m: Conductivity [S/m]
# name 5 = sbeox0V: Oxygen raw, SBE 43 [V]
# name 6 = ph: pH
# name 7 = xmiss: Beam Transmission, Chelsea/Seatech [%]
# name 8 = wetStar: Fluorescence, WET Labs WETstar [mg/m^3]
# name 9 = v4: Voltage 4
# name 10 = wetCDOM: Fluorescence, WET Labs CDOM [mg/m^3]
# name 11 = v5: Voltage 5
# name 12 = bat: Beam Attenuation, Chelsea/Seatech [1/m]
# name 13 = scan: Scan Count
# name 14 = timeS: Time, Elapsed [seconds]
# name 15 = sal00: Salinity, Practical [PSU]
# name 16 = sbeox0Mg/L: Oxygen, SBE 43 [mg/l], WS = 2
# name 17 = sbeox0PS: Oxygen, SBE 43 [% saturation], WS = 2
# name 18 = oxsatMg/L: Oxygen Saturation, Weiss [mg/l]
# name 19 = sigma-t00: Density [sigma-t, kg/m^3 ]
# name 20 = dz/dtM: Descent Rate [m/s], WS = 2
# name 21 = flag: flag
# span 0 =      0.913,     60.645       
# span 1 =      0.907,     60.209       
# span 2 =    11.9726,    22.2343       
# span 3 =    33.2324,    33.6193       
# span 4 =   3.835775,   4.816381       
# span 5 =     2.0620,     2.9548       
# span 6 =      7.966,      8.210       
# span 7 =    82.4635,    90.2830       
# span 8 =     0.2462,     4.5979       
# span 9 =     0.0952,     0.4176       
# span 10 =     2.4638,     4.5287      
# span 11 =     0.1966,     0.2650      
# span 12 =     0.4089,     0.7713      
# span 13 =          1,        892      
# span 14 =      0.000,    111.375      
# span 15 =    33.1795,    33.4240      
# span 16 =     5.8284,     8.4358      
# span 17 =     66.708,    106.283      
# span 18 =    7.15395,    8.73987      
# span 19 =    22.9404,    25.3537      
# span 20 =     -0.965,      0.995      
# span 21 = 0.0000e+00, 0.0000e+00      
# interval = seconds: 0.125
# start_time = Aug 04 2015 16:53:11 [System UTC, header]
# bad_flag = -9.990e-29
*END*
[from data line 330]
     23.484     23.316    15.0485    33.3082   4.106396     2.8791      8.184    87.6684     1.0869     0.1575     3.1644     0.2198     0.5264        331     41.250    33.2645     8.4181    102.478    8.20722    24.6237      0.744 0.0000e+00
     23.573     23.405    15.0474    33.3074   4.106347     2.8791      8.184    87.6684     1.1034     0.1587     3.2012     0.2210     0.5264        332     41.375    33.2650     8.4188    102.485    8.20738    24.6243      0.716 0.0000e+00
     23.658     23.489    15.0470    33.3072   4.106310     2.8779      8.184    87.6442     1.0869     0.1575     3.1275     0.2186     0.5275        333     41.500    33.2649     8.4136    102.421    8.20744    24.6243      0.689 0.0000e+00
     23.740     23.571    15.0467    33.3071   4.106204     2.8779      8.184    87.6442     1.0869     0.1575     3.2012     0.2210     0.5275        334     41.625    33.2642     8.4132    102.415    8.20753    24.6238      0.661 0.0000e+00
     23.819     23.650    15.0455    33.3064   4.106027     2.8779      8.184    87.6442     1.1363     0.1612     3.1275     0.2186     0.5275        335     41.750    33.2636     8.4116    102.393    8.20776    24.6236      0.634 0.0000e+00
     23.897     23.726    15.0432    33.3055   4.105893     2.8779      8.184    87.6442     1.1198     0.1600     3.2012     0.2210     0.5275        336     41.875    33.2643     8.4108    102.379    8.20811    24.6247      0.607 0.0000e+00
     23.971     23.800    15.0418    33.3054   4.105797     2.8767      8.184    87.6200     1.1363     0.1612     3.2381     0.2222     0.5286        337     42.000    33.2646     8.4062    102.320    8.20832    24.6252      0.581 0.0000e+00
     24.042     23.871    15.0410    33.3058   4.105596     2.8767      8.184    87.6200     1.1528     0.1624     3.2012     0.2210     0.5286        338     42.125    33.2634     8.4065    102.321    8.20851    24.6245      0.556 0.0000e+00
     24.111     23.940    15.0387    33.3061   4.105267     2.8767      8.184    87.5958     1.1693     0.1636     3.0906     0.2173     0.5297        339     42.250    33.2624     8.4076    102.330    8.20895    24.6242      0.531 0.0000e+00
     24.178     24.006    15.0348    33.3064   4.104867     2.8779      8.184    87.5716     1.1528     0.1624     3.1275     0.2186     0.5309        340     42.375    33.2621     8.4070    102.314    8.20961    24.6248      0.506 0.0000e+00
     24.241     24.069    15.0299    33.3056   4.104473     2.8767      8.184    87.5958     1.1528     0.1624     3.0906     0.2173     0.5297        341     42.500    33.2627     8.4012    102.234    8.21039    24.6263      0.483 0.0000e+00
     24.300     24.128    15.0247    33.3042   4.104215     2.8767      8.184    87.5958     1.1858     0.1648     3.2012     0.2210     0.5297        342     42.625    33.2647     8.3973    102.178    8.21115    24.6290      0.460 0.0000e+00
     24.356     24.183    15.0217    33.3029   4.104117     2.8755      8.184    87.5716     1.1858     0.1648     3.1275     0.2186     0.5309        343     42.750    33.2664     8.3918    102.105    8.21156    24.6309      0.441 0.0000e+00
     24.406     24.233    15.0211    33.3012   4.104111     2.8755      8.184    87.5716     1.2187     0.1673     3.0537     0.2161     0.5309        344     42.875    33.2668     8.3912    102.097    8.21164    24.6314      0.424 0.0000e+00
     24.453     24.279    15.0214    33.2994   4.104198     2.8755      8.184    87.5716     1.2023     0.1661     3.0169     0.2149     0.5309        345     43.000    33.2673     8.3899    102.082    8.21156    24.6317      0.413 0.0000e+00
     24.498     24.324    15.0235    33.2992   4.104368     2.8755      8.184    87.5716     1.2352     0.1685     2.9062     0.2112     0.5309        346     43.125    33.2671     8.3877    102.059    8.21123    24.6311      0.407 0.0000e+00
     24.541     24.367    15.0261    33.2999   4.104512     2.8755      8.184    87.5474     1.2517     0.1697     3.0906     0.2173     0.5320        347     43.250    33.2661     8.3814    101.987    8.21085    24.6298      0.407 0.0000e+00
     24.583     24.408    15.0265    33.3001   4.104573     2.8706      8.189    87.5958     1.2517     0.1697     3.1644     0.2198     0.5297        348     43.375    33.2663     8.3580    101.703    8.21077    24.6299      0.414 0.0000e+00
     24.626     24.451    15.0260    33.2999   4.104572     2.8718      8.184    87.5474     1.2517     0.1697     3.0906     0.2173     0.5320        349     43.500    33.2667     8.3585    101.709    8.21083    24.6303      0.429 0.0000e+00
     24.671     24.496    15.0260    33.2996   4.104508     2.8706      8.184    87.5232     1.2682     0.1709     3.2012     0.2210     0.5331        350     43.625    33.2661     8.3509    101.616    8.21086    24.6298      0.451 0.0000e+00
     24.721     24.545    15.0254    33.2993   4.104366     2.8718      8.184    87.5232     1.2847     0.1722     3.1275     0.2186     0.5331        351     43.750    33.2653     8.3523    101.631    8.21100    24.6293      0.479 0.0000e+00
     24.776     24.600    15.0243    33.3001   4.104102     2.8718      8.184    87.5232     1.2847     0.1722     3.2012     0.2210     0.5331        352     43.875    33.2639     8.3483    101.580    8.21126    24.6284      0.514 0.0000e+00
     24.839     24.662    15.0221    33.3021   4.103588     2.8706      8.184    87.5232     1.2517     0.1697     3.2012     0.2210     0.5331        353     44.000    33.2611     8.3410    101.485    8.21176    24.6268      0.553 0.0000e+00
     24.909     24.732    15.0164    33.3032   4.102806     2.8706      8.184    87.5474     1.2682     0.1709     3.0169     0.2149     0.5320        354     44.125    33.2588     8.3394    101.452    8.21282    24.6263      0.596 0.0000e+00
     24.985     24.808    15.0063    33.3023   4.101965     2.8669      8.184    87.5232     1.3012     0.1734     3.1275     0.2186     0.5331        355     44.250    33.2598     8.3264    101.274    8.21445    24.6292      0.642 0.0000e+00
     25.070     24.892    14.9964    33.3005   4.101274     2.8657      8.189    87.5474     1.3176     0.1746     3.0906     0.2173     0.5320        356     44.375    33.2619     8.3251    101.239    8.21598    24.6330      0.689 0.0000e+00
     25.162     24.983    14.9896    33.2990   4.100826     2.8645      8.184    87.5232     1.3506     0.1770     3.0906     0.2173     0.5331        357     44.500    33.2636     8.3151    101.105    8.21702    24.6358      0.736 0.0000e+00
     25.260     25.081    14.9851    33.2993   4.100538     2.8645      8.184    87.4990     1.3506     0.1770     3.2012     0.2210     0.5342        358     44.625    33.2648     8.3135    101.077    8.21771    24.6377      0.781 0.0000e+00
     25.364     25.184    14.9825    33.3018   4.100100     2.8632      8.189    87.4990     1.3671     0.1783     3.2012     0.2210     0.5342        359     44.750    33.2630     8.3063    100.984    8.21823    24.6368      0.824 0.0000e+00
     25.473     25.291    14.9777    33.3040   4.099257     2.8620      8.184    87.4748     1.3836     0.1795     3.2381     0.2222     0.5353        360     44.875    33.2594     8.3013    100.911    8.21921    24.6351      0.863 0.0000e+00
     25.585     25.404    14.9676    33.3044   4.098113     2.8608      8.184    87.4021     1.4001     0.1807     3.2012     0.2210     0.5386        361     45.000    33.2576     8.3004    100.879    8.22098    24.6359      0.897 0.0000e+00
     25.704     25.521    14.9545    33.3031   4.096976     2.8596      8.184    87.3779     1.4330     0.1832     3.2012     0.2210     0.5397        362     45.125    33.2584     8.2979    100.823    8.22311    24.6394      0.925 0.0000e+00
     25.827     25.644    14.9419    33.3011   4.096118     2.8584      8.184    87.3053     1.4660     0.1856     3.1275     0.2186     0.5430        363     45.250    33.2613     8.2972    100.790    8.22506    24.6443      0.948 0.0000e+00
     25.954     25.769    14.9326    33.3009   4.095571     2.8584      8.185    87.2569     1.4990     0.1880     3.2012     0.2210     0.5453        364     45.375    33.2643     8.2966    100.766    8.22646    24.6486      0.965 0.0000e+00
     26.082     25.897    14.9273    33.3037   4.094930     2.8559      8.185    87.1842     1.4990     0.1880     3.2012     0.2210     0.5486        365     45.500    33.2629     8.2846    100.609    8.22741    24.6487      0.975 0.0000e+00
     26.212     26.025    14.9212    33.3073   4.093643     2.8559      8.185    87.1600     1.5649     0.1929     3.2381     0.2222     0.5497        366     45.625    33.2564     8.2820    100.561    8.22875    24.6450      0.978 0.0000e+00
     26.341     26.154    14.9079    33.3085   4.091710     2.8547      8.185    87.1358     1.6143     0.1966     3.2750     0.2234     0.5508        367     45.750    33.2502     8.2783    100.485    8.23128    24.6431      0.976 0.0000e+00
     26.470     26.281    14.8863    33.3082   4.089643     2.8523      8.185    87.1116     1.6473     0.1990     3.2012     0.2210     0.5519        368     45.875    33.2498     8.2715    100.359    8.23489    24.6474      0.968 0.0000e+00
     26.595     26.406    14.8641    33.3099   4.087633     2.8523      8.180    87.0632     1.6803     0.2015     3.3119     0.2247     0.5541        369     46.000    33.2504     8.2733    100.337    8.23856    24.6527      0.956 0.0000e+00
     26.717     26.527    14.8434    33.3115   4.085473     2.8498      8.185    86.9664     1.7132     0.2039     3.2750     0.2234     0.5586        370     46.125    33.2484     8.2664    100.211    8.24211    24.6556      0.939 0.0000e+00
     26.836     26.645    14.8188    33.3102   4.083328     2.8486      8.180    86.8695     1.7627     0.2076     3.3856     0.2271     0.5631        371     46.250    33.2499     8.2649    100.144    8.24615    24.6620      0.918 0.0000e+00
     26.951     26.759    14.7942    33.3088   4.081623     2.8474      8.180    86.8211     1.7957     0.2100     3.3487     0.2259     0.5653        372     46.375    33.2553     8.2634    100.080    8.24998    24.6715      0.895 0.0000e+00
     27.061     26.868    14.7758    33.3105   4.080344     2.8449      8.180    86.7001     1.8946     0.2173     3.3856     0.2271     0.5709        373     46.500    33.2594     8.2586     99.987    8.25285    24.6786      0.869 0.0000e+00
     27.166     26.973    14.7615    33.3152   4.079045     2.8437      8.180    86.5790     1.9440     0.2210     3.4225     0.2283     0.5765        374     46.625    33.2597     8.2562     99.930    8.25523    24.6819      0.842 0.0000e+00
     27.268     27.074    14.7453    33.3212   4.077309     2.8425      8.181    86.4822     1.9770     0.2234     3.3487     0.2259     0.5809        375     46.750    33.2578     8.2564     99.899    8.25804    24.6839      0.815 0.0000e+00
     27.367     27.172    14.7240    33.3278   4.074903     2.8413      8.181    86.3853     2.0759     0.2308     3.3856     0.2271     0.5854        376     46.875    33.2540     8.2563     99.853    8.26180    24.6856      0.787 0.0000e+00
     27.464     27.269    14.6958    33.3328   4.071715     2.8400      8.181    86.3369     2.1253     0.2344     3.3119     0.2247     0.5877        377     47.000    33.2491     8.2559     99.788    8.26678    24.6878      0.759 0.0000e+00
     27.559     27.363    14.6594    33.3321   4.067944     2.8388      8.181    86.3127     2.1748     0.2381     3.3487     0.2259     0.5888        378     47.125    33.2458     8.2593     99.754    8.27305    24.6930      0.732 0.0000e+00
     27.649     27.453    14.6184    33.3251   4.064194     2.8376      8.176    86.2643     2.2407     0.2430     3.3856     0.2271     0.5910        379     47.250    33.2466     8.2619     99.704    8.27990    24.7024      0.706 0.0000e+00
     27.735     27.538    14.5816    33.3154   4.061165     2.8364      8.181    86.2643     2.3067     0.2479     3.3119     0.2247     0.5910        380     47.375    33.2504     8.2624     99.639    8.28591    24.7132      0.680 0.0000e+00
     27.817     27.619    14.5550    33.3080   4.059160     2.8352      8.177    86.2159     2.3561     0.2515     3.3487     0.2259     0.5933        381     47.500    33.2549     8.2619     99.582    8.29016    24.7223      0.656 0.0000e+00
     27.896     27.698    14.5392    33.3058   4.057932     2.8339      8.177    86.1433     2.4385     0.2576     3.3856     0.2271     0.5966        382     47.625    33.2572     8.2579     99.504    8.29271    24.7274      0.633 0.0000e+00
     27.973     27.773    14.5294    33.3091   4.056888     2.8327      8.177    86.0706     2.5209     0.2637     3.2750     0.2234     0.6000        383     47.750    33.2560     8.2540     99.437    8.29443    24.7286      0.611 0.0000e+00
     28.046     27.846    14.5184    33.3163   4.055395     2.8303      8.177    86.0464     2.5374     0.2650     3.4225     0.2283     0.6011        384     47.875    33.2517     8.2467     99.324    8.29650    24.7276      0.589 0.0000e+00
     28.116     27.916    14.5002    33.3236   4.053081     2.8291      8.177    85.9496     2.5869     0.2686     3.3119     0.2247     0.6056        385     48.000    33.2461     8.2453     99.268    8.29986    24.7271      0.569 0.0000e+00
     28.185     27.985    14.4715    33.3246   4.050235     2.8278      8.177    85.7801     2.6363     0.2723     3.3487     0.2259     0.6135        386     48.125    33.2447     8.2454     99.210    8.30479    24.7321      0.551 0.0000e+00
     28.252     28.051    14.4356    33.3198   4.047800     2.8266      8.177    85.5864     2.6693     0.2747     3.3856     0.2271     0.6226        387     48.250    33.2532     8.2469     99.162    8.31043    24.7462      0.536 0.0000e+00
     28.317     28.116    14.4079    33.3157   4.046211     2.8242      8.177    85.4654     2.7187     0.2784     3.3856     0.2271     0.6282        388     48.375    33.2624     8.2416     99.048    8.31466    24.7592      0.523 0.0000e+00
     28.380     28.178    14.3938    33.3126   4.044994     2.8229      8.172    85.3686     2.7847     0.2833     3.4225     0.2283     0.6328        389     48.500    33.2633     8.2408     99.012    8.31700    24.7629      0.512 0.0000e+00
     28.440     28.238    14.3837    33.3093   4.043922     2.8217      8.172    85.2959     2.8341     0.2869     3.4594     0.2295     0.6362        390     48.625    33.2621     8.2385     98.963    8.31878    24.7641      0.506 0.0000e+00
     28.499     28.297    14.3747    33.3073   4.043130     2.8205      8.173    85.2475     2.8341     0.2869     3.4594     0.2295     0.6384        391     48.750    33.2626     8.2383     98.942    8.32028    24.7663      0.503 0.0000e+00
     28.557     28.354    14.3676    33.3060   4.042556     2.8193      8.173    85.2233     2.8506     0.2882     3.2381     0.2222     0.6396        392     48.875    33.2634     8.2400     98.949    8.32145    24.7685      0.504 0.0000e+00
     28.616     28.412    14.3618    33.3052   4.042068     2.8181      8.173    85.1507     2.9165     0.2930     3.4225     0.2283     0.6430        393     49.000    33.2639     8.2398     98.936    8.32241    24.7701      0.509 0.0000e+00
     28.675     28.471    14.3571    33.3046   4.041594     2.8168      8.168    85.0296     2.9165     0.2930     3.4225     0.2283     0.6487        394     49.125    33.2635     8.2392     98.919    8.32322    24.7708      0.519 0.0000e+00
     28.735     28.531    14.3524    33.3041   4.041099     2.8156      8.168    84.9086     2.9001     0.2918     3.3856     0.2271     0.6544        395     49.250    33.2630     8.2389     98.905    8.32405    24.7714      0.533 0.0000e+00
