Data/Test_Data/i1.cnv
* Sea-Bird SBE 25 Data File:
* FileName = C:\wq\Unit#3\I1.hex
* Software Version Seasave V 7.23.2
* Temperature SN = 0720
* Conductivity SN = 0777
* System UpLoad Time = Aug 04 2015 09:53:11
** Agency: City of San Diego
** Vessel: Oceanus
** Cruise:
** Date:
** Latitude:
** Longitude:
# nquan = 22                                
# nvalues = 892                         
# units = specified
# name 0 = prSM: Pressure, Strain Gauge [db]
# name 1 = depSM: Depth [salt water, m], lat = 33.00
# name 2 = t090C: Temperature [ITS-90, deg C]
# name 3 = sal00: Salinity, Practical [PSU]
# name 4 = c0S/m: Conductivity [S/m]
# name 5 = sbeox0V: Oxygen raw, SBE 43 [V]
# name 6 = ph: pH
# name 7 = xmiss: Beam Transmission, Chelsea/Seatech [%]
# name 8 = wetStar: Fluorescence, WET Labs WETstar [mg/m^3]
# name 9 = v4: Voltage 4
# name 10 = wetCDOM: Fluorescence, WET Labs CDOM [mg/m^3]
# name 11 = v5: Voltage 5
# name 12 = bat: Beam Attenuation, Chelsea/Seatech [1/m]
# name 13 = scan: Scan Count
# name 14 = timeS: Time, Elapsed [seconds]
# name 15 = sal00: Salinity, Practical [PSU]
# name 16 = sbeox0Mg/L: Oxygen, SBE 43 [mg/l], WS = 2
# name 17 = sbeox0PS: Oxygen, SBE 43 [% saturation], WS = 2
# name 18 = oxsatMg/L: Oxygen Saturation, Weiss [mg/l]
# name 19 = sigma-t00: Density [sigma-t, kg/m^3 ]
# name 20 = dz/dtM: Descent Rate [m/s], WS = 2
# name 21 = flag: flag
# span 0 =      0.913,     60.645       
# span 1 =      0.907,     60.209       
# span 2 =    11.9726,    22.2343       
# span 3 =    33.2324,    33.6193       
# span 4 =   3.835775,   4.816381       
# span 5 =     2.0620,     2.9548       
# span 6 =      7.966,      8.210       
# span 7 =    82.4635,    90.2830       
# span 8 =     0.2462,     4.5979       
# span 9 =     0.0952,     0.4176       
# span 10 =     2.4638,     4.5287      
# span 11 =     0.1966,     0.2650      
# span 12 =     0.4089,     0.7713      
# span 13 =          1,        892      
# span 14 =      0.000,    111.375      
# span 15 =    33.1795,    33.4240      
# span 16 =     5.8284,     8.4358      
# span 17 =     66.708,    106.283      
# span 18 =    7.15395,    8.73987      
# span 19 =    22.9404,    25.3537      
# span 20 =     -0.965,      0.995      
# span 21 = 0.0000e+00, 0.0000e+00      
# interval = seconds: 0.125
# start_time = Aug 04 2015 16:53:11 [System UTC, header]
# bad_flag = -9.990e-29
*END*
[from data line 791]
     60.195     59.762    12.0009    33.4153   3.837717     2.0901      7.975    90.1862     0.8067     0.1368     4.3812     0.2601     0.4132        792     98.875    33.3948     5.8747     67.247    8.73497    25.3424      0.128 -9.990e-29
     60.214     59.781    11.9959    33.4166   3.837326     2.0889      7.971    90.1377     0.8231     0.1380     4.3812     0.2601     0.4153        793     99.000    33.3955     5.8708     67.196    8.73586    25.3438      0.145 -9.990e-29
     60.237     59.804    11.9908    33.4171   3.836865     2.0865      7.976    90.1620     0.8067     0.1368     4.3812     0.2601     0.4143        794     99.125    33.3956     5.8621     67.089    8.73680    25.3448      0.161 -9.990e-29
     60.264     59.830    11.9847    33.4166   3.836419     2.0853      7.971    90.1862     0.8231     0.1380     4.4181     0.2613     0.4132        795     99.250    33.3967     5.8597     67.054    8.73787    25.3469      0.174 -9.990e-29
     60.291     59.858    11.9794    33.4159   3.836093     2.0840      7.971    90.1862     0.8396     0.1392     4.4181     0.2613     0.4132        796     99.375    33.3983     5.8544     66.986    8.73877    25.3491      0.184 -9.990e-29
     60.320     59.886    11.9758    33.4152   3.835888     2.0816      7.971    90.1135     0.8396     0.1392     4.4918     0.2637     0.4164        797     99.500    33.3995     5.8466     66.893    8.73938    25.3507      0.190 -9.990e-29
     60.347     59.913    11.9736    33.4138   3.835775     2.0804      7.971    90.0651     0.8396     0.1392     4.3443     0.2589     0.4185        798     99.625    33.4004     5.8425     66.843    8.73974    25.3518      0.192 -9.990e-29
     60.373     59.938    11.9726    33.4113   3.835787     2.0779      7.971    90.1135     0.8231     0.1380     4.3075     0.2576     0.4164        799     99.750    33.4014     5.8370     66.779    8.73987    25.3528      0.192 -9.990e-29
     60.397     59.962    11.9733    33.4079   3.835997     2.0767      7.971    90.0893     0.8396     0.1392     4.3075     0.2576     0.4175        800     99.875    33.4028     5.8377     66.788    8.73966    25.3537      0.188 -9.990e-29
     60.423     59.988    11.9774    33.4056   3.836417     2.0743      7.971    90.1135     0.8396     0.1392     4.3812     0.2601     0.4164        801    100.000    33.4032     5.8302     66.708    8.73888    25.3533      0.182 -9.990e-29
     60.448     60.013    11.9845    33.4051   3.836916     2.0730      7.971    90.1620     0.8231     0.1380     4.4550     0.2625     0.4143        802    100.125    33.4016     5.8300     66.716    8.73764    25.3507      0.174 -9.990e-29
     60.472     60.037    11.9910    33.4052   3.837365     2.0718      7.971    90.1135     0.8067     0.1368     4.3812     0.2601     0.4164        803    100.250    33.4001     5.8312     66.737    8.73652    25.3484      0.165 -9.990e-29
     60.491     60.056    11.9957    33.4052   3.837735     2.0694      7.971    90.1135     0.8231     0.1380     4.3443     0.2589     0.4164        804    100.375    33.3995     5.8284     66.712    8.73568    25.3470      0.155 -9.990e-29
     60.508     60.073    11.9997    33.4053   3.838008     2.0682      7.971    90.0893     0.8396     0.1392     4.3443     0.2589     0.4175        805    100.500    33.3986     5.8328     66.767    8.73498    25.3455      0.146 -9.990e-29
     60.524     60.089    12.0030    33.4048   3.838169     2.0669      7.971    90.1377     0.8561     0.1404     4.2706     0.2564     0.4153        806    100.625    33.3972     5.8392     66.845    8.73445    25.3438      0.136 -9.990e-29
     60.539     60.104    12.0050    33.4036   3.838280     2.0669      7.971    90.0651     0.8561     0.1404     4.3443     0.2589     0.4185        807    100.750    33.3964     5.8500     66.971    8.73412    25.3429      0.127 -9.990e-29
     60.553     60.118    12.0070    33.4033   3.838412     2.0657      7.971    90.0651     0.8726     0.1416     4.4181     0.2613     0.4185        808    100.875    33.3959     5.8577     67.061    8.73377    25.3421      0.118 -9.990e-29
     60.566     60.130    12.0094    33.4049   3.838545     2.0633      7.966    89.9683     0.8396     0.1392     4.4918     0.2637     0.4229        809    101.000    33.3951     5.8615     67.109    8.73337    25.3410      0.108 -9.990e-29
     60.579     60.143    12.0102    33.4064   3.838601     2.0633      7.966    90.0167     0.8231     0.1380     4.5287     0.2650     0.4207        810    101.125    33.3949     5.8729     67.240    8.73323    25.3407      0.099 -9.990e-29
     60.592     60.156    12.0087    33.4054   3.838576     2.0633      7.966    90.0167     0.8231     0.1380     4.4918     0.2637     0.4207        811    101.250    33.3960     5.8864     67.393    8.73345    25.3418      0.089 -9.990e-29
     60.603     60.167    12.0075    33.4016   3.838590     2.0620      7.971    90.0893     0.8231     0.1380     4.3812     0.2601     0.4175        812    101.375    33.3972     5.8902     67.435    8.73361    25.3430      0.080 -9.990e-29
     60.614     60.178    12.0095    33.3970   3.838739     2.0620      7.966    90.0651     0.8067     0.1368     4.3443     0.2589     0.4185        813    101.500    33.3968     5.9003     67.553    8.73326    25.3423      0.070 -9.990e-29
     60.624     60.188    12.0152    33.3918   3.838781     2.0633      7.966    90.1135     0.8231     0.1380     4.4181     0.2613     0.4164        814    101.625    33.3921     5.9116     67.689    8.73246    25.3376      0.059 -9.990e-29
     60.633     60.196    12.0224    33.3892   3.838693     2.0620      7.971    90.1377     0.8067     0.1368     4.4181     0.2613     0.4153        815    101.750    33.3848     5.9137     67.720    8.73152    25.3306      0.048 -9.990e-29
     60.639     60.202    12.0273    33.3930   3.838907     2.0633      7.966    90.1620     0.8231     0.1380     4.3812     0.2601     0.4143        816    101.875    33.3825     5.9262     67.869    8.73073    25.3279      0.035 -9.990e-29
     60.643     60.206    12.0266    33.3987   3.839294     2.0633      7.966    90.1135     0.8396     0.1392     4.3812     0.2601     0.4164        817    102.000    33.3869     5.9324     67.941    8.73063    25.3314      0.021 -9.990e-29
     60.645     60.209    12.0233    33.4036   3.839403     2.0633      7.966    90.1135     0.8561     0.1404     4.4918     0.2637     0.4164        818    102.125    33.3909     5.9366     67.986    8.73102    25.3351      0.005 -9.990e-29
     60.645     60.208    12.0216    33.4096   3.839108     2.0645      7.966    89.9199     0.8231     0.1380     4.4181     0.2613     0.4250        819    102.250    33.3896     5.9449     68.078    8.73141    25.3344     -0.013 -9.990e-29
     60.643     60.206    12.0156    33.4134   3.838452     2.0620      7.966    89.8957     0.8231     0.1380     4.4918     0.2637     0.4261        820    102.375    33.3886     5.9391     68.003    8.73258    25.3348     -0.033 -9.990e-29
     60.639     60.202    12.0033    33.4131   3.837726     2.0645      7.966    90.0167     0.8067     0.1368     4.3443     0.2589     0.4207        821    102.500    33.3926     5.9499     68.111    8.73464    25.3402     -0.056 -9.990e-29
     60.633     60.197    11.9926    33.4107   3.837228     2.0633      7.966    90.0893     0.8067     0.1368     4.3812     0.2601     0.4175        822    102.625    33.3973     5.9457     68.049    8.73637    25.3459     -0.083 -9.990e-29
     60.626     60.189    11.9878    33.4077   3.836985     2.0645      7.966    90.1377     0.8396     0.1392     4.3812     0.2601     0.4153        823    102.750    33.3993     5.9516     68.111    8.73716    25.3483     -0.113 -9.990e-29
     60.615     60.179    11.9870    33.4007   3.836952     2.0645      7.966    90.1135     0.8561     0.1404     4.3443     0.2589     0.4164        824    102.875    33.3997     5.9495     68.085    8.73729    25.3487     -0.146 -9.990e-29
     60.600     60.163    11.9887    33.3920   3.837284     2.0645      7.966    90.1377     0.8561     0.1404     4.3443     0.2589     0.4153        825    103.000    33.4014     5.9507     68.103    8.73688    25.3497     -0.182 -9.990e-29
     60.579     60.143    11.9997    33.3931   3.837914     2.0657      7.966    90.1135     0.8396     0.1392     4.3443     0.2589     0.4164        826    103.125    33.3976     5.9527     68.140    8.73504    25.3448     -0.222 -9.990e-29
     60.554     60.117    12.0142    33.3996   3.838261     2.0657      7.966    90.1377     0.8396     0.1392     4.3443     0.2589     0.4153        827    103.250    33.3880     5.9515     68.142    8.73287    25.3346     -0.264 -9.990e-29
     60.521     60.085    12.0131    33.3995   3.838270     2.0657      7.966    90.1620     0.8231     0.1380     4.3812     0.2601     0.4143        828    103.375    33.3891     5.9513     68.139    8.73301    25.3356     -0.308 0.0000e+00
     60.480     60.045    12.0067    33.3959   3.838555     2.0657      7.971    90.1620     0.8231     0.1380     4.4918     0.2637     0.4143        829    103.500    33.3976     5.9485     68.101    8.73374    25.3434     -0.353 0.0000e+00
     60.432     59.997    12.0112    33.3949   3.839217     2.0657      7.966    90.1377     0.8231     0.1380     4.3812     0.2601     0.4153        830    103.625    33.4000     5.9483     68.107    8.73277    25.3445     -0.397 0.0000e+00
     60.377     59.943    12.0204    33.3961   3.839861     2.0657      7.966    90.1377     0.8231     0.1380     4.4181     0.2613     0.4153        831    103.750    33.3981     5.9448     68.079    8.73117    25.3412     -0.440 0.0000e+00
     60.315     59.881    12.0275    33.3975   3.840282     2.0657      7.971    90.1135     0.8067     0.1368     4.3075     0.2576     0.4164        832    103.875    33.3958     5.9454     68.095    8.72997    25.3381     -0.480 0.0000e+00
     60.247     59.814    12.0313    33.3985   3.840494     2.0669      7.971    90.0167     0.8231     0.1380     4.3812     0.2601     0.4207        833    104.000    33.3945     5.9501     68.154    8.72934    25.3364     -0.516 0.0000e+00
     60.174     59.740    12.0331    33.3985   3.840564     2.0657      7.971    90.0167     0.8231     0.1380     4.4181     0.2613     0.4207        834    104.125    33.3936     5.9452     68.100    8.72905    25.3353     -0.548 0.0000e+00
     60.096     59.663    12.0335    33.3971   3.840612     2.0669      7.971    89.9683     0.8396     0.1392     4.4550     0.2625     0.4229        835    104.250    33.3937     5.9531     68.191    8.72897    25.3354     -0.575 0.0000e+00
     60.016     59.584    12.0343    33.3956   3.840768     2.0657      7.971    90.0651     0.8396     0.1392     4.3075     0.2576     0.4185        836    104.375    33.3946     5.9531     68.192    8.72878    25.3359     -0.596 0.0000e+00
     59.934     59.502    12.0373    33.3947   3.841000     2.0669      7.971    90.1377     0.8396     0.1392     4.3812     0.2601     0.4153        837    104.500    33.3942     5.9629     68.309    8.72824    25.3350     -0.612 0.0000e+00
     59.852     59.422    12.0408    33.3941   3.841226     2.0669      7.971    90.1377     0.8396     0.1392     4.3443     0.2589     0.4153        838    104.625    33.3932     5.9669     68.359    8.72764    25.3336     -0.624 0.0000e+00
     59.772     59.342    12.0439    33.3934   3.841454     2.0669      7.971    90.2104     0.8396     0.1392     4.3812     0.2601     0.4121        839    104.750    33.3927     5.9716     68.418    8.72710    25.3326     -0.632 0.0000e+00
     59.690     59.261    12.0469    33.3926   3.841690     2.0682      7.971    90.1135     0.8396     0.1392     4.4181     0.2613     0.4164        840    104.875    33.3923     5.9820     68.540    8.72656    25.3318     -0.635 0.0000e+00
     59.609     59.181    12.0500    33.3906   3.841914     2.0682      7.971    90.1377     0.8396     0.1392     4.4550     0.2625     0.4153        841    105.000    33.3918     5.9855     68.585    8.72602    25.3308     -0.635 0.0000e+00
     59.529     59.101    12.0535    33.3873   3.842170     2.0682      7.971    90.1862     0.8726     0.1416     4.4550     0.2625     0.4132        842    105.125    33.3912     5.9936     68.683    8.72540    25.3296     -0.632 0.0000e+00
     59.450     59.022    12.0585    33.3842   3.842553     2.0694      7.970    90.2346     0.8726     0.1416     4.4550     0.2625     0.4110        843    105.250    33.3904     6.0037     68.805    8.72451    25.3281     -0.628 0.0000e+00
     59.371     58.944    12.0657    33.3832   3.843040     2.0706      7.970    90.2346     0.8726     0.1416     4.4550     0.2625     0.4110        844    105.375    33.3887     6.0153     68.947    8.72327    25.3254     -0.621 0.0000e+00
     59.293     58.866    12.0730    33.3831   3.843463     2.0718      7.970    90.2346     0.8726     0.1416     4.4550     0.2625     0.4110        845    105.500    33.3863     6.0241     69.059    8.72205    25.3222     -0.614 0.0000e+00
     59.215     58.789    12.0782    33.3823   3.843775     2.0718      7.970    90.1377     0.8396     0.1392     4.4550     0.2625     0.4153        846    105.625    33.3847     6.0299     69.132    8.72117    25.3200     -0.605 0.0000e+00
     59.138     58.713    12.0820    33.3817   3.844069     2.0730      7.970    90.1620     0.8561     0.1404     4.3075     0.2576     0.4143        847    105.750    33.3842     6.0393     69.245    8.72050    25.3188     -0.597 0.0000e+00
     59.064     58.639    12.0863    33.3823   3.844332     2.0743      7.975    90.2104     0.8561     0.1404     4.4181     0.2613     0.4121        848    105.875    33.3830     6.0477     69.347    8.71977    25.3171     -0.587 0.0000e+00
     58.991     58.566    12.0897    33.3828   3.844488     2.0743      7.975    90.2104     0.9056     0.1441     4.4181     0.2613     0.4121        849    106.000    33.3815     6.0544     69.428    8.71922    25.3152     -0.578 0.0000e+00
     58.919     58.495    12.0908    33.3812   3.844575     2.0767      7.975    90.2104     0.8891     0.1429     4.4181     0.2613     0.4121        850    106.125    33.3813     6.0686     69.592    8.71903    25.3150     -0.568 0.0000e+00
     58.849     58.426    12.0915    33.3765   3.844778     2.0779      7.975    90.2346     0.8396     0.1392     4.3812     0.2601     0.4110        851    106.250    33.3827     6.0762     69.680    8.71882    25.3159     -0.557 0.0000e+00
     58.781     58.359    12.0955    33.3711   3.845295     2.0791      7.975    90.2104     0.8726     0.1416     4.3443     0.2589     0.4121        852    106.375    33.3842     6.0854     69.793    8.71800    25.3163     -0.547 0.0000e+00
     58.714     58.292    12.1051    33.3677   3.846102     2.0804      7.975    90.2346     0.9056     0.1441     4.4181     0.2613     0.4110        853    106.500    33.3834     6.0940     69.905    8.71626    25.3139     -0.537 0.0000e+00
     58.648     58.226    12.1178    33.3663   3.846971     2.0816      7.975    90.2588     0.9056     0.1441     4.4550     0.2625     0.4100        854    106.625    33.3805     6.1015     70.009    8.71407    25.3092     -0.527 0.0000e+00
     58.582     58.161    12.1294    33.3649   3.847746     2.0828      7.975    90.2588     0.9056     0.1441     4.4550     0.2625     0.4100        855    106.750    33.3777     6.1087     70.107    8.71208    25.3048     -0.519 0.0000e+00
