Data/Test_Data/i19.cnv
* Sea-Bird SBE 25 Data File:
* FileName = C:\wq\Unit#4\I19.hex
* Software Version Seasave V 7.23.2
* Temperature SN = 1180
* Conductivity SN = 1027
* System UpLoad Time = Jul 29 2015 10:49:16
* Real-Time Sample Interval = 0.1250 seconds
* System UTC = Jul 29 2015 17:49:16
# nquan = 20                                
# nvalues = 360                         
# units = specified
# name 0 = depSM: Depth [salt water, m], lat = 33.00
# name 1 = prSM: Pressure, Strain Gauge [db]
# name 2 = t090C: Temperature [ITS-90, deg C]
# name 3 = sal00: Salinity, Practical [PSU]
# name 4 = c0S/m: Conductivity [S/m]
# name 5 = sbeox0V: Oxygen raw, SBE 43 [V]
# name 6 = ph: pH
# name 7 = xmiss: Beam Transmission, Chelsea/Seatech [%]
# name 8 = wetStar: Fluorescence, WET Labs WETstar [mg/m^3]
# name 9 = v4: Voltage 4
# name 10 = bat: Beam Attenuation, Chelsea/Seatech [1/m]
# name 11 = scan: Scan Count
# name 12 = timeS: Time, Elapsed [seconds]
# name 13 = sal00: Salinity, Practical [PSU]
# name 14 = sigma-t00: Density [sigma-t, kg/m^3 ]
# name 15 = sbeox0Mg/L: Oxygen, SBE 43 [mg/l], WS = 2
# name 16 = sbeox0PS: Oxygen, SBE 43 [% saturation], WS = 2
# name 17 = oxsatMg/L: Oxygen Saturation, Weiss [mg/l]
# name 18 = dz/dtM: Descent Rate [m/s], WS = 2
# name 19 = flag: flag
# span 0 =      0.863,     11.494       
# span 1 =      0.869,     11.576       
# span 2 =    16.3274,    21.7892       
# span 3 =    32.8418,    33.9409       
# span 4 =   4.226243,   4.763928       
# span 5 =     2.6325,     2.8205       
# span 6 =      8.128,      8.204       
# span 7 =     7.9198,    80.7708       
# span 8 =     0.5838,     9.6659       
# span 9 =     0.0879,     0.6777       
# span 10 =     0.8542,    10.1432      
# span 11 =          1,        360      
# span 12 =      0.000,     44.875      
# span 13 =    32.7739,    33.5320      
# span 14 =    23.0106,    24.3798      
# span 15 =     7.0804,     8.2877      
# span 16 =     95.997,    106.781      
# span 17 =    7.21427,    8.00058      
# span 18 =     -1.000,      0.919      
# span 19 = 0.0000e+00, 0.0000e+00      
# interval = seconds: 0.125
# start_time = Jul 29 2015 17:49:16 [System UTC, header]
# bad_flag = -9.990e-29
*END*
      1.253      1.262    21.7282    33.3415   4.758152     2.8156      8.200    80.2351     0.5838     0.0879     0.8808          1      0.000    33.3430    23.0345     7.6949    106.316    7.22203      0.000 -9.990e-29
      1.244      1.253    21.7294    33.3422   4.758379     2.8144      8.200    80.2108     0.5838     0.0879     0.8820          2      0.125    33.3439    23.0348     7.6906    106.260    7.22184      0.000 -9.990e-29
      1.234      1.242    21.7307    33.3425   4.758540     2.8132      8.200    80.2108     0.5838     0.0879     0.8820          3      0.250    33.3441    23.0347     7.6864    106.205    7.22166      0.000 -9.990e-29
      1.222      1.231    21.7321    33.3425   4.758611     2.8132      8.200    80.2351     0.6026     0.0891     0.8808          4      0.375    33.3436    23.0339     7.6862    106.204    7.22150      0.000 -9.990e-29
      1.210      1.219    21.7331    33.3418   4.758566     2.8120      8.200    80.2351     0.6215     0.0904     0.8808          5      0.500    33.3425    23.0328     7.6821    106.149    7.22142      0.000 -9.990e-29
      1.199      1.207    21.7335    33.3412   4.758481     2.8107      8.200    80.2108     0.6215     0.0904     0.8820          6      0.625    33.3415    23.0319     7.6777    106.088    7.22140      0.000 -9.990e-29
      1.189      1.197    21.7339    33.3439   4.758426     2.8107      8.200    80.2351     0.6215     0.0904     0.8808          7      0.750    33.3408    23.0313     7.6777    106.088    7.22138      0.000 -9.990e-29
      1.181      1.190    21.7335    33.3486   4.758050     2.8095      8.200    80.2351     0.6403     0.0916     0.8808          8      0.875    33.3381    23.0294     7.6739    106.033    7.22155      0.000 -9.990e-29
      1.176      1.184    21.7270    33.3457   4.757138     2.8071      8.200    80.2351     0.6215     0.0904     0.8808          9      1.000    33.3360    23.0295     7.6467    105.643    7.22248     -0.029 -9.990e-29
      1.173      1.181    21.7150    33.3352   4.756643     2.8059      8.200    80.2351     0.6215     0.0904     0.8808         10      1.125    33.3414    23.0369     7.6468    105.626    7.22382     -0.016 -9.990e-29
      1.172      1.180    21.7143    33.3307   4.757421     2.8046      8.200    80.2351     0.6215     0.0904     0.8808         11      1.250    33.3480    23.0422     7.6442    105.593    7.22363     -0.002 -9.990e-29
      1.172      1.180    21.7297    33.3356   4.758707     2.8046      8.200    80.2351     0.6403     0.0916     0.8808         12      1.375    33.3462    23.0366     7.6434    105.610    7.22170      0.011 -9.990e-29
      1.175      1.183    21.7424    33.3422   4.759364     2.8046      8.200    80.2351     0.6403     0.0916     0.8808         13      1.500    33.3416    23.0295     7.6432    105.628    7.22024      0.024 -9.990e-29
      1.180      1.188    21.7441    33.3466   4.759152     2.8046      8.204    80.1621     0.6403     0.0916     0.8845         14      1.625    33.3386    23.0268     7.6443    105.645    7.22015      0.035 -9.990e-29
      1.188      1.196    21.7389    33.3488   4.758349     2.8022      8.200    80.1621     0.6591     0.0928     0.8845         15      1.750    33.3363    23.0265     7.6403    105.578    7.22092      0.044 -9.990e-29
      1.197      1.206    21.7292    33.3497   4.757258     2.8083      8.200    80.1621     0.6403     0.0916     0.8845         16      1.875    33.3352    23.0283     7.6664    105.919    7.22223      0.051 -9.990e-29
      1.207      1.216    21.7177    33.3507   4.756051     2.8071      8.200    80.1377     0.6403     0.0916     0.8857         17      2.000    33.3346    23.0310     7.6690    105.934    7.22375      0.055 -9.990e-29
      1.218      1.226    21.7057    33.3529   4.754620     2.8059      8.200    80.1377     0.6403     0.0916     0.8857         18      2.125    33.3327    23.0329     7.6710    105.937    7.22540      0.057 -9.990e-29
      1.228      1.236    21.6918    33.3496   4.752736     2.8046      8.200    80.1377     0.6403     0.0916     0.8857         19      2.250    33.3286    23.0336     7.6719    105.921    7.22739      0.056 -9.990e-29
      1.237      1.246    21.6729    33.3358   4.751266     2.8034      8.186    80.0647     0.6026     0.0891     0.8893         20      2.375    33.3316    23.0411     7.6724    105.894    7.22973      0.053 -9.990e-29
      1.246      1.255    21.6616    33.3252   4.751675     2.8022      8.200    80.3812     0.6403     0.0916     0.8736         21      2.500    33.3436    23.0533     7.6703    105.851    7.23070      0.048 -9.990e-29
      1.253      1.262    21.6751    33.3275   4.753535     2.8022      8.200    80.3812     0.6403     0.0916     0.8736         22      2.625    33.3478    23.0528     7.6682    105.850    7.22876      0.041 -9.990e-29
      1.258      1.267    21.6967    33.3337   4.755190     2.8059      8.200    80.3812     0.6215     0.0904     0.8736         23      2.750    33.3441    23.0440     7.6775    106.016    7.22609      0.032 -9.990e-29
      1.261      1.270    21.7079    33.3372   4.756115     2.8071      8.200    80.3812     0.6215     0.0904     0.8736         24      2.875    33.3427    23.0399     7.6779    106.042    7.22469      0.023 -9.990e-29
      1.263      1.272    21.7136    33.3399   4.756572     2.8095      8.200    80.4056     0.6403     0.0916     0.8723         25      3.000    33.3419    23.0377     7.6858    106.162    7.22398      0.015 -9.990e-29
      1.263      1.272    21.7171    33.3422   4.756624     2.8107      8.200    80.3812     0.6591     0.0928     0.8736         26      3.125    33.3396    23.0350     7.6908    106.236    7.22362      0.006 -9.990e-29
      1.263      1.272    21.7163    33.3412   4.756408     2.8107      8.195    80.3569     0.6591     0.0928     0.8748         27      3.250    33.3385    23.0344     7.6920    106.250    7.22377     -0.002 -9.990e-29
      1.261      1.270    21.7124    33.3374   4.756412     2.8107      8.200    80.3569     0.6591     0.0928     0.8748         28      3.375    33.3415    23.0378     7.6930    106.259    7.22415     -0.009 -9.990e-29
      1.257      1.266    21.7135    33.3367   4.756890     2.8095      8.200    80.3325     0.6403     0.0916     0.8760         29      3.500    33.3445    23.0397     7.6894    106.213    7.22389     -0.014 -9.990e-29
      1.252      1.261    21.7213    33.3395   4.757379     2.8083      8.200    80.3569     0.6403     0.0916     0.8748         30      3.625    33.3423    23.0359     7.6849    106.165    7.22296     -0.019 -9.990e-29
      1.248      1.257    21.7258    33.3411   4.757507     2.8083      8.200    80.3569     0.6591     0.0928     0.8748         31      3.750    33.3398    23.0327     7.6853    106.177    7.22248     -0.023 -9.990e-29
      1.244      1.253    21.7245    33.3404   4.757499     2.8083      8.200    80.3569     0.6779     0.0940     0.8748         32      3.875    33.3407    23.0338     7.6881    106.215    7.22261     -0.026 -9.990e-29
      1.241      1.250    21.7239    33.3403   4.757605     2.8071      8.200    80.3569     0.6591     0.0928     0.8748         33      4.000    33.3420    23.0350     7.6859    106.183    7.22263     -0.028 -9.990e-29
      1.238      1.247    21.7259    33.3458   4.757743     2.8095      8.200    80.2351     0.6591     0.0928     0.8808         34      4.125    33.3416    23.0341     7.6948    106.309    7.22239     -0.030 -9.990e-29
      1.235      1.244    21.7263    33.3498   4.757439     2.8107      8.200    80.2351     0.6591     0.0928     0.8808         35      4.250    33.3389    23.0319     7.7015    106.401    7.22245     -0.030 -9.990e-29
      1.232      1.240    21.7164    33.3386   4.756890     2.8120      8.200    80.2351     0.6403     0.0916     0.8808         36      4.375    33.3422    23.0372     7.7085    106.481    7.22360     -0.028 -9.990e-29
      1.228      1.237    21.7093    33.3229   4.757587     2.8144      8.200    80.2351     0.6591     0.0928     0.8808         37      4.500    33.3532    23.0475     7.7172    106.594    7.22407     -0.024 -9.990e-29
      1.224      1.233    21.7294    33.3205   4.759861     2.8169      8.200    80.2351     0.6591     0.0928     0.8808         38      4.625    33.3555    23.0437     7.7202    106.676    7.22135     -0.018 -9.990e-29
      1.219      1.228    21.7621    33.3283   4.762178     2.8193      8.200    80.2351     0.6779     0.0940     0.8808         39      4.750    33.3484    23.0293     7.7191    106.719    7.21739     -0.008 -9.990e-29
      1.214      1.222    21.7828    33.3360   4.763402     2.8205      8.200    80.1621     0.6591     0.0928     0.8845         40      4.875    33.3421    23.0187     7.7161    106.713    7.21496      0.006 -9.990e-29
      1.209      1.218    21.7892    33.3382   4.763597     2.8193      8.200    80.3082     0.6403     0.0916     0.8772         41      5.000    33.3386    23.0144     7.7072    106.599    7.21427      0.025 -9.990e-29
      1.207      1.215    21.7879    33.3377   4.763507     2.8169      8.200    80.3082     0.6403     0.0916     0.8772         42      5.125    33.3389    23.0150     7.6939    106.414    7.21443      0.048 -9.990e-29
      1.208      1.216    21.7869    33.3386   4.763659     2.8193      8.200    80.3082     0.6403     0.0916     0.8772         43      5.250    33.3409    23.0167     7.6984    106.474    7.21448      0.078 -9.990e-29
      1.213      1.221    21.7873    33.3405   4.763896     2.8181      8.200    80.3082     0.6591     0.0928     0.8772         44      5.375    33.3425    23.0178     7.6902    106.363    7.21436      0.112 -9.990e-29
      1.223      1.231    21.7877    33.3421   4.763928     2.8169      8.200    80.3082     0.6591     0.0928     0.8772         45      5.500    33.3424    23.0176     7.6820    106.251    7.21431      0.150 -9.990e-29
      1.239      1.248    21.7874    33.3455   4.763672     2.8144      8.200    80.3082     0.6591     0.0928     0.8772         46      5.625    33.3406    23.0164     7.6704    106.089    7.21443      0.193 -9.990e-29
      1.263      1.272    21.7846    33.3513   4.762957     2.8120      8.181    80.2108     0.6026     0.0891     0.8820         47      5.750    33.3372    23.0145     7.6606    105.945    7.21494      0.239 -9.990e-29
      1.294      1.303    21.7750    33.3539   4.761631     2.8132      8.200    80.2595     0.6591     0.0928     0.8796         48      5.875    33.3342    23.0149     7.6657    105.996    7.21631      0.287 -9.990e-29
      1.334      1.343    21.7570    33.3492   4.760204     2.8144      8.200    80.2595     0.6967     0.0952     0.8796         49      6.000    33.3368    23.0219     7.6738    106.075    7.21854      0.335 0.0000e+00
      1.382      1.392    21.7416    33.3412   4.759598     2.8144      8.200    80.2595     0.6779     0.0940     0.8796         50      6.125    33.3440    23.0315     7.6779    106.107    7.22025      0.380 0.0000e+00
      1.436      1.447    21.7390    33.3361   4.760131     2.8156      8.200    80.2595     0.6779     0.0940     0.8796         51      6.250    33.3501    23.0370     7.6832    106.179    7.22032      0.422 0.0000e+00
      1.496      1.507    21.7486    33.3369   4.761158     2.8144      8.200    80.2595     0.6779     0.0940     0.8796         52      6.375    33.3508    23.0348     7.6815    106.175    7.21905      0.458 0.0000e+00
      1.562      1.573    21.7623    33.3408   4.761777     2.8132      8.200    80.2595     0.6779     0.0940     0.8796         53      6.500    33.3450    23.0266     7.6791    106.165    7.21751      0.489 0.0000e+00
      1.633      1.645    21.7682    33.3431   4.761798     2.8120      8.200    80.1377     0.6779     0.0940     0.8857         54      6.625    33.3406    23.0217     7.6759    106.129    7.21692      0.515 0.0000e+00
      1.709      1.721    21.7654    33.3437   4.761622     2.8107      8.200    80.1377     0.6779     0.0940     0.8857         55      6.750    33.3414    23.0230     7.6728    106.080    7.21726      0.535 0.0000e+00
      1.786      1.799    21.7622    33.3479   4.761313     2.8107      8.195    80.1377     0.6967     0.0952     0.8857         56      6.875    33.3414    23.0239     7.6726    106.072    7.21767      0.550 0.0000e+00
      1.861      1.875    21.7600    33.3599   4.760206     2.8120      8.200    80.1377     0.6967     0.0952     0.8857         57      7.000    33.3344    23.0192     7.6777    106.133    7.21825      0.559 0.0000e+00
      1.933      1.947    21.7475    33.3804   4.757268     2.8132      8.200    80.1377     0.6967     0.0952     0.8857         58      7.125    33.3209    23.0124     7.6848    106.200    7.22045      0.565 0.0000e+00
      2.002      2.017    21.7115    33.4016   4.751756     2.8132      8.200    80.1377     0.6779     0.0940     0.8857         59      7.250    33.3054    23.0106     7.6921    106.222    7.22579      0.567 0.0000e+00
      2.071      2.085    21.6424    33.4025   4.744660     2.8144      8.200    80.1377     0.6779     0.0940     0.8857         60      7.375    33.3030    23.0277     7.7087    106.319    7.23492      0.568 0.0000e+00
      2.138      2.153    21.5521    33.3788   4.739111     2.8144      8.201    80.3325     0.6967     0.0952     0.8760         61      7.500    33.3291    23.0724     7.7202    106.321    7.24564      0.567 0.0000e+00
      2.206      2.222    21.4948    33.3579   4.736756     2.8120      8.196    80.3569     0.6967     0.0952     0.8748         62      7.625    33.3550    23.1077     7.7220    106.252    7.25207      0.565 0.0000e+00
      2.275      2.292    21.4957    33.3537   4.735621     2.8132      8.201    80.3569     0.7155     0.0965     0.8748         63      7.750    33.3453    23.1001     7.7284    106.336    7.25236      0.565 0.0000e+00
      2.345      2.362    21.5039    33.3502   4.734057     2.8132      8.201    80.3569     0.7155     0.0965     0.8748         64      7.875    33.3266    23.0836     7.7295    106.356    7.25207      0.566 0.0000e+00
      2.414      2.431    21.4879    33.3441   4.733111     2.8132      8.196    80.3325     0.7343     0.0977     0.8760         65      8.000    33.3315    23.0917     7.7323    106.367    7.25397      0.569 0.0000e+00
      2.483      2.501    21.4785    33.3431   4.733383     2.8132      8.196    80.3569     0.7343     0.0977     0.8748         66      8.125    33.3409    23.1015     7.7350    106.391    7.25480      0.575 0.0000e+00
      2.554      2.572    21.4828    33.3392   4.734093     2.8144      8.187    80.2595     0.7343     0.0977     0.8796         67      8.250    33.3431    23.1020     7.7395    106.463    7.25414      0.583 0.0000e+00
      2.625      2.644    21.4870    33.3326   4.735348     2.8156      8.201    80.3082     0.7155     0.0965     0.8772         68      8.375    33.3498    23.1059     7.7428    106.520    7.25331      0.592 0.0000e+00
      2.697      2.717    21.5040    33.3390   4.737179     2.8120      8.196    80.3325     0.7155     0.0965     0.8760         69      8.500    33.3510    23.1022     7.7273    106.340    7.25103      0.603 0.0000e+00
      2.771      2.790    21.5278    33.3622   4.737711     2.8181      8.201    80.3082     0.7155     0.0965     0.8772         70      8.625    33.3367    23.0848     7.7435    106.600    7.24851      0.616 0.0000e+00
      2.846      2.866    21.5276    33.3845   4.734729     2.8181      8.201    80.3082     0.7155     0.0965     0.8772         71      8.750    33.3133    23.0671     7.7392    106.526    7.24952      0.630 0.0000e+00
      2.924      2.945    21.4849    33.3822   4.729271     2.8193      8.196    80.3082     0.7155     0.0965     0.8772         72      8.875    33.3033    23.0712     7.7437    106.499    7.25556      0.646 0.0000e+00
