Data/Test_Data/i19.cnv
* Sea-Bird SBE 25 Data File:
* FileName = C:\wq\Unit#4\I19.hex
* Software Version Seasave V 7.23.2
* Temperature SN = 1180
* Conductivity SN = 1027
* System UpLoad Time = Jul 29 2015 10:49:16
* Real-Time Sample Interval = 0.1250 seconds
* System UTC = Jul 29 2015 17:49:16
# nquan = 20                                
# nvalues = 360                         
# units = specified
# name 0 = depSM: Depth [salt water, m], lat = 33.00
# name 1 = prSM: Pressure, Strain Gauge [db]
# name 2 = t090C: Temperature [ITS-90, deg C]
# name 3 = sal00: Salinity, Practical [PSU]
# name 4 = c0S/m: Conductivity [S/m]
# name 5 = sbeox0V: Oxygen raw, SBE 43 [V]
# name 6 = ph: pH
# name 7 = xmiss: Beam Transmission, Chelsea/Seatech [%]
# name 8 = wetStar: Fluorescence, WET Labs WETstar [mg/m^3]
# name 9 = v4: Voltage 4
# name 10 = bat: Beam Attenuation, Chelsea/Seatech [1/m]
# name 11 = scan: Scan Count
# name 12 = timeS: Time, Elapsed [seconds]
# name 13 = sal00: Salinity, Practical [PSU]
# name 14 = sigma-t00: Density [sigma-t, kg/m^3 ]
# name 15 = sbeox0Mg/L: Oxygen, SBE 43 [mg/l], WS = 2
# name 16 = sbeox0PS: Oxygen, SBE 43 [% saturation], WS = 2
# name 17 = oxsatMg/L: Oxygen Saturation, Weiss [mg/l]
# name 18 = dz/dtM: Descent Rate [m/s], WS = 2
# name 19 = flag: flag
# span 0 =      0.863,     11.494       
# span 1 =      0.869,     11.576       
# span 2 =    16.3274,    21.7892       
# span 3 =    32.8418,    33.9409       
# span 4 =   4.226243,   4.763928       
# span 5 =     2.6325,     2.8205       
# span 6 =      8.128,      8.204       
# span 7 =     7.9198,    80.7708       
# span 8 =     0.5838,     9.6659       
# span 9 =     0.0879,     0.6777       
# span 10 =     0.8542,    10.1432      
# span 11 =          1,        360      
# span 12 =      0.000,     44.875      
# span 13 =    32.7739,    33.5320      
# span 14 =    23.0106,    24.3798      
# span 15 =     7.0804,     8.2877      
# span 16 =     95.997,    106.781      
# span 17 =    7.21427,    8.00058      
# span 18 =     -1.000,      0.919      
# span 19 = 0.0000e+00, 0.0000e+00      
# interval = seconds: 0.125
# start_time = Jul 29 2015 17:49:16 [System UTC, header]
# bad_flag = -9.990e-29
*END*
[from data line 290]
      1.365      1.374    21.5193    33.3034   4.739931     2.8010      8.201    80.5760     0.7155     0.0965     0.8639        291     36.250    33.3613    23.1058     7.6277    105.005    7.24858     -0.276 0.0000e+00
      1.330      1.339    21.5443    33.2995   4.742078     2.8046      8.196    80.6003     0.7531     0.0989     0.8627        292     36.375    33.3588    23.0971     7.6356    105.159    7.24541     -0.276 0.0000e+00
      1.296      1.305    21.5681    33.2997   4.744604     2.8034      8.201    80.5760     0.7343     0.0977     0.8639        293     36.500    33.3603    23.0917     7.6276    105.095    7.24222     -0.276 0.0000e+00
      1.261      1.270    21.5965    33.3095   4.747029     2.8022      8.196    80.6003     0.7719     0.1001     0.8627        294     36.625    33.3574    23.0817     7.6204    105.047    7.23863     -0.275 0.0000e+00
      1.226      1.234    21.6192    33.3222   4.748287     2.7998      8.196    80.5760     0.7531     0.0989     0.8639        295     36.750    33.3498    23.0696     7.6131    104.985    7.23598     -0.274 0.0000e+00
      1.190      1.198    21.6230    33.3293   4.748241     2.7985      8.182    80.4786     0.7155     0.0965     0.8687        296     36.875    33.3465    23.0661     7.6134    104.995    7.23562     -0.271 0.0000e+00
      1.154      1.162    21.6140    33.3325   4.747582     2.7973      8.196    80.4056     0.7343     0.0977     0.8723        297     37.000    33.3483    23.0699     7.6176    105.036    7.23672     -0.266 0.0000e+00
      1.119      1.127    21.6046    33.3370   4.746576     2.7936      8.196    80.4056     0.7155     0.0965     0.8723        298     37.125    33.3476    23.0720     7.6137    104.965    7.23798     -0.258 0.0000e+00
      1.084      1.092    21.5944    33.3401   4.745003     2.7912      8.196    80.4056     0.7155     0.0965     0.8723        299     37.250    33.3432    23.0714     7.6139    104.945    7.23950     -0.249 0.0000e+00
      1.051      1.058    21.5760    33.3380   4.743177     2.7912      8.196    80.4056     0.7343     0.0977     0.8723        300     37.375    33.3430    23.0764     7.6197    104.991    7.24192     -0.237 0.0000e+00
      1.019      1.026    21.5565    33.3345   4.741814     2.7900      8.201    80.4056     0.7155     0.0965     0.8723        301     37.500    33.3474    23.0851     7.6235    105.008    7.24429     -0.222 -9.990e-29
      0.991      0.998    21.5453    33.3324   4.741024     2.7900      8.196    80.4056     0.7343     0.0977     0.8723        302     37.625    33.3499    23.0900     7.6293    105.069    7.24565     -0.205 -9.990e-29
      0.965      0.972    21.5395    33.3304   4.740515     2.7924      8.196    80.2108     0.7531     0.0989     0.8820        303     37.750    33.3504    23.0920     7.6396    105.201    7.24639     -0.186 -9.990e-29
      0.941      0.948    21.5360    33.3278   4.740230     2.7936      8.201    80.2108     0.7343     0.0977     0.8820        304     37.875    33.3508    23.0933     7.6463    105.286    7.24683     -0.165 -9.990e-29
      0.921      0.927    21.5353    33.3260   4.740231     2.7961      8.201    80.2108     0.7343     0.0977     0.8820        305     38.000    33.3514    23.0939     7.6560    105.419    7.24690     -0.143 -9.990e-29
      0.905      0.911    21.5376    33.3258   4.740436     2.7973      8.201    80.2108     0.7155     0.0965     0.8820        306     38.125    33.3512    23.0931     7.6607    105.487    7.24661     -0.119 -9.990e-29
      0.891      0.897    21.5409    33.3261   4.740640     2.7973      8.196    80.2108     0.6967     0.0952     0.8820        307     38.250    33.3503    23.0915     7.6579    105.455    7.24621     -0.094 -9.990e-29
      0.880      0.886    21.5432    33.3252   4.740764     2.7973      8.196    80.2108     0.6779     0.0940     0.8820        308     38.375    33.3495    23.0903     7.6526    105.385    7.24595     -0.068 -9.990e-29
      0.873      0.879    21.5448    33.3225   4.741022     2.7961      8.196    80.2108     0.6779     0.0940     0.8820        309     38.500    33.3503    23.0904     7.6429    105.256    7.24570     -0.043 -9.990e-29
      0.869      0.875    21.5482    33.3207   4.741723     2.7949      8.196    52.2342     0.6967     0.0952     2.5977        310     38.625    33.3532    23.0917     7.6284    105.065    7.24513     -0.018 -9.990e-29
      0.869      0.875    21.5568    33.3230   4.742682     2.7900      8.196    52.2099     0.7155     0.0965     2.5996        311     38.750    33.3541    23.0900     7.6025    104.723    7.24397      0.005 -9.990e-29
      0.872      0.878    21.5671    33.3260   4.743265     2.7924      8.200    52.2099     0.7343     0.0977     2.5996        312     38.875    33.3507    23.0846     7.6012    104.724    7.24276      0.025 -9.990e-29
      0.879      0.885    21.5718    33.3267   4.743384     2.7912      8.200    52.2099     0.7155     0.0965     2.5996        313     39.000    33.3480    23.0813     7.5885    104.556    7.24226      0.043 -9.990e-29
      0.889      0.896    21.5723    33.3272   4.743398     2.7912      8.201    52.2099     0.7155     0.0965     2.5996        314     39.125    33.3477    23.0809     7.5807    104.449    7.24221      0.058 -9.990e-29
      0.902      0.909    21.5726    33.3279   4.743383     2.7888      8.200    52.2099     0.6403     0.0916     2.5996        315     39.250    33.3473    23.0806     7.5649    104.232    7.24218      0.069 -9.990e-29
      0.917      0.924    21.5723    33.3283   4.743294     2.7863      8.187    52.1125     0.6026     0.0891     2.6071        316     39.375    33.3469    23.0803     7.5479    103.997    7.24224      0.076 -9.990e-29
      0.933      0.939    21.5714    33.3291   4.743137     2.7851      8.201     7.9441     0.6215     0.0904    10.1309        317     39.500    33.3463    23.0801     7.5362    103.833    7.24238      0.079 -9.990e-29
      0.947      0.954    21.5702    33.3293   4.742836     2.7778      8.200     7.9198     0.6779     0.0940    10.1432        318     39.625    33.3449    23.0794     7.5052    103.403    7.24260      0.078 -9.990e-29
      0.961      0.968    21.5674    33.3276   4.742414     2.7790      8.196     7.9198     0.6779     0.0940    10.1432        319     39.750    33.3437    23.0793     7.5048    103.391    7.24302      0.072 -9.990e-29
      0.972      0.979    21.5644    33.3256   4.742165     2.7753      8.201     7.9198     0.8283     0.1038    10.1432        320     39.875    33.3441    23.0803     7.4872    103.144    7.24340      0.062 -9.990e-29
      0.982      0.989    21.5636    33.3257   4.742286     2.7717      8.196     7.9198 -9.990e-29 -9.990e-29    10.1432        321     40.000    33.3456    23.0818     7.4697    102.902    7.24343      0.049 -9.990e-29
      0.990      0.997    21.5651    33.3274   4.742554     2.7668      8.196     7.9198 -9.990e-29 -9.990e-29    10.1432        322     40.125    33.3466    23.0821     7.4510    102.648    7.24320      0.033 -9.990e-29
      0.995      1.002    21.5668    33.3286   4.742623     2.7619      8.182    60.6101 -9.990e-29 -9.990e-29     2.0028        323     40.250    33.3458    23.0810     7.4317    102.385    7.24301      0.015 -9.990e-29
      0.996      1.003    21.5670    33.3272   4.742283     2.7558      8.201    79.4803 -9.990e-29 -9.990e-29     0.9186        324     40.375    33.3430    23.0788     7.4096    102.079    7.24310     -0.003 -9.990e-29
      0.994      1.001    21.5660    33.3239   4.741728     2.7521      8.196    79.4803 -9.990e-29 -9.990e-29     0.9186        325     40.500    33.3394    23.0763     7.3971    101.902    7.24338     -0.021 -9.990e-29
      0.988      0.995    21.5645    33.3224   4.741531     2.7497      8.201    79.4803 -9.990e-29 -9.990e-29     0.9186        326     40.625    33.3390    23.0765     7.3887    101.784    7.24360     -0.038 -9.990e-29
      0.979      0.986    21.5638    33.3232   4.741776     2.7485      8.196    79.4803 -9.990e-29 -9.990e-29     0.9186        327     40.750    33.3415    23.0785     7.3853    101.738    7.24358     -0.053 -9.990e-29
      0.968      0.975    21.5648    33.3229   4.742108     2.7472      8.196    79.4803 -9.990e-29 -9.990e-29     0.9186        328     40.875    33.3433    23.0797     7.3768    101.623    7.24338     -0.066 -9.990e-29
      0.955      0.963    21.5672    33.3218   4.742482 -9.990e-29      8.201    79.4803 -9.990e-29 -9.990e-29     0.9186        329     41.000    33.3444    23.0798 -9.990e-29 -9.990e-29    7.24301     -0.075 -9.990e-29
      0.942      0.949    21.5724    33.3231   4.742911 -9.990e-29      8.196    80.0160 -9.990e-29 -9.990e-29     0.8918        330     41.125    33.3438    23.0779 -9.990e-29 -9.990e-29    7.24236     -0.081 -9.990e-29
      0.928      0.935    21.5780    33.3264   4.743199 -9.990e-29      8.196    80.0160 -9.990e-29 -9.990e-29     0.8918        331     41.250    33.3417    23.0748 -9.990e-29 -9.990e-29    7.24171     -0.082 -9.990e-29
      0.913      0.920    21.5789    33.3288   4.743264 -9.990e-29      8.200    80.0160 -9.990e-29 -9.990e-29     0.8918        332     41.375    33.3415    23.0744 -9.990e-29 -9.990e-29    7.24160     -0.080 -9.990e-29
      0.899      0.905    21.5762    33.3290   4.743218 -9.990e-29      8.196    80.0160 -9.990e-29 -9.990e-29     0.8918        333     41.500    33.3433    23.0765 -9.990e-29 -9.990e-29    7.24188     -0.074 -9.990e-29
      0.886      0.892    21.5746    33.3281   4.743183 -9.990e-29      8.201    80.0160 -9.990e-29 -9.990e-29     0.8918        334     41.625    33.3442    23.0777 -9.990e-29 -9.990e-29    7.24205     -0.066 -9.990e-29
      0.875      0.882    21.5752    33.3272   4.743193 -9.990e-29      8.196    80.0160 -9.990e-29 -9.990e-29     0.8918        335     41.750    33.3438    23.0772 -9.990e-29 -9.990e-29    7.24199     -0.056 -9.990e-29
      0.868      0.874    21.5767    33.3262   4.743221 -9.990e-29      8.200    80.0160 -9.990e-29 -9.990e-29     0.8918        336     41.875    33.3429    23.0761 -9.990e-29 -9.990e-29    7.24183     -0.045 -9.990e-29
      0.864      0.870    21.5782    33.3252   4.743316 -9.990e-29      8.196    51.1629 -9.990e-29 -9.990e-29     2.6806        337     42.000    33.3425    23.0754 -9.990e-29 -9.990e-29    7.24165     -0.032 -9.990e-29
      0.863      0.869    21.5804    33.3251   4.743545 -9.990e-29      8.200    51.1629 -9.990e-29 -9.990e-29     2.6806        338     42.125    33.3426    23.0748 -9.990e-29 -9.990e-29    7.24136     -0.020 -9.990e-29
      0.865      0.871    21.5830    33.3259   4.743837 -9.990e-29      8.196    51.1629 -9.990e-29 -9.990e-29     2.6806        339     42.250    33.3429    23.0743 -9.990e-29 -9.990e-29    7.24101     -0.007 -9.990e-29
      0.867      0.874    21.5855    33.3266   4.744040 -9.990e-29      8.196    51.1629 -9.990e-29 -9.990e-29     2.6806        340     42.375    33.3425    23.0734 -9.990e-29 -9.990e-29    7.24070      0.004 -9.990e-29
      0.870      0.876    21.5874    33.3269   4.744104 -9.990e-29      8.196    51.1629 -9.990e-29 -9.990e-29     2.6806        341     42.500    33.3416    23.0721 -9.990e-29 -9.990e-29    7.24049      0.014 -9.990e-29
      0.874      0.880    21.5883    33.3268   4.744100 -9.990e-29      8.196    51.1629 -9.990e-29 -9.990e-29     2.6806        342     42.625    33.3408    23.0713 -9.990e-29 -9.990e-29    7.24040      0.022 -9.990e-29
      0.878      0.884    21.5887    33.3265   4.744069 -9.990e-29      8.182    51.0655 -9.990e-29 -9.990e-29     2.6882        343     42.750    33.3403    23.0708 -9.990e-29 -9.990e-29    7.24037      0.028 -9.990e-29
      0.884      0.890    21.5889    33.3261   4.744023 -9.990e-29      8.200    14.0800 -9.990e-29 -9.990e-29     7.8417        344     42.875    33.3398    23.0704 -9.990e-29 -9.990e-29    7.24037      0.033 -9.990e-29
      0.890      0.896    21.5893    33.3263   4.743958 -9.990e-29      8.196    14.0800 -9.990e-29 -9.990e-29     7.8417        345     43.000    33.3389    23.0696 -9.990e-29 -9.990e-29    7.24035      0.036 -9.990e-29
      0.896      0.902    21.5896    33.3273   4.743831 -9.990e-29      8.196    14.0800 -9.990e-29 -9.990e-29     7.8417        346     43.125    33.3377    23.0686 -9.990e-29 -9.990e-29    7.24036      0.038 -9.990e-29
      0.900      0.907    21.5881    33.3273   4.743636 -9.990e-29      8.196    14.0800 -9.990e-29 -9.990e-29     7.8417        347     43.250    33.3373    23.0687 -9.990e-29 -9.990e-29    7.24058      0.040 -9.990e-29
      0.905      0.912    21.5852    33.3254   4.743420 -9.990e-29      8.200    14.0800 -9.990e-29 -9.990e-29     7.8417        348     43.375    33.3379    23.0699 -9.990e-29 -9.990e-29    7.24093      0.041 -9.990e-29
      0.909      0.916    21.5844    33.3230   4.743294 -9.990e-29      8.200    14.0800 -9.990e-29 -9.990e-29     7.8417        349     43.500    33.3375    23.0699 -9.990e-29 -9.990e-29    7.24105      0.043 -9.990e-29
      0.914      0.920    21.5861    33.3216   4.743277 -9.990e-29      8.196    67.8660 -9.990e-29 -9.990e-29     1.5505        350     43.625    33.3360    23.0683 -9.990e-29 -9.990e-29    7.24089      0.043 -9.990e-29
      0.918      0.925    21.5884    33.3210   4.743253 -9.990e-29      8.196    72.2975 -9.990e-29 -9.990e-29     1.2975        351     43.750    33.3341    23.0662 -9.990e-29 -9.990e-29    7.24067      0.042 -9.990e-29
      0.924      0.930    21.5899    33.3204   4.743126 -9.990e-29      8.196    72.2975 -9.990e-29 -9.990e-29     1.2975        352     43.875    33.3319    23.0641 -9.990e-29 -9.990e-29    7.24057      0.041 -9.990e-29
      0.930      0.937    21.5900    33.3195   4.742933 -9.990e-29      8.196    72.2975 -9.990e-29 -9.990e-29     1.2975        353     44.000    33.3303    23.0629 -9.990e-29 -9.990e-29    7.24062      0.000 -9.990e-29
      0.937      0.944    21.5894    33.3187   4.742760 -9.990e-29      8.196    72.2975 -9.990e-29 -9.990e-29     1.2975        354     44.125    33.3294    23.0624 -9.990e-29 -9.990e-29    7.24074      0.000 -9.990e-29
      0.943      0.950    21.5887    33.3182   4.742596 -9.990e-29      8.196    72.2975 -9.990e-29 -9.990e-29     1.2975        355     44.250    33.3287    23.0620 -9.990e-29 -9.990e-29    7.24086      0.000 -9.990e-29
      0.949      0.956    21.5882    33.3176   4.742411 -9.990e-29      8.196    72.2975 -9.990e-29 -9.990e-29     1.2975        356     44.375    33.3276    23.0613 -9.990e-29 -9.990e-29    7.24097      0.000 -9.990e-29
      0.954      0.961    21.5874    33.3167   4.742229 -9.990e-29      8.200    80.1621 -9.990e-29 -9.990e-29     0.8845        357     44.500    33.3268    23.0609 -9.990e-29 -9.990e-29    7.24111      0.000 -9.990e-29
      0.957      0.964    21.5866    33.3159   4.742105 -9.990e-29      8.196    80.1864 -9.990e-29 -9.990e-29     0.8833        358     44.625    33.3264    23.0608 -9.990e-29 -9.990e-29    7.24123      0.000 -9.990e-29
      0.959      0.966    21.5865 -9.990e-29 -9.990e-29 -9.990e-29      8.196    80.1864 -9.990e-29 -9.990e-29     0.8833        359     44.750 -9.990e-29 -9.990e-29 -9.990e-29 -9.990e-29 -9.990e-29      0.000 -9.990e-29
      0.960      0.967    21.5867 -9.990e-29 -9.990e-29 -9.990e-29      8.196    80.1864 -9.990e-29 -9.990e-29     0.8833        360     44.875 -9.990e-29 -9.990e-29 -9.990e-29 -9.990e-29 -9.990e-29      0.000 -9.990e-29
