Data/Test_Data/i19.cnv
* Sea-Bird SBE 25 Data File:
* FileName = C:\wq\Unit#4\I19.hex
* Software Version Seasave V 7.23.2
* Temperature SN = 1180
* Conductivity SN = 1027
* System UpLoad Time = Jul 29 2015 10:49:16
* Real-Time Sample Interval = 0.1250 seconds
* System UTC = Jul 29 2015 17:49:16
# nquan = 20                                
# nvalues = 360                         
# units = specified
# name 0 = depSM: Depth [salt water, m], lat = 33.00
# name 1 = prSM: Pressure, Strain Gauge [db]
# name 2 = t090C: Temperature [ITS-90, deg C]
# name 3 = sal00: Salinity, Practical [PSU]
# name 4 = c0S/m: Conductivity [S/m]
# name 5 = sbeox0V: Oxygen raw, SBE 43 [V]
# name 6 = ph: pH
# name 7 = xmiss: Beam Transmission, Chelsea/Seatech [%]
# name 8 = wetStar: Fluorescence, WET Labs WETstar [mg/m^3]
# name 9 = v4: Voltage 4
# name 10 = bat: Beam Attenuation, Chelsea/Seatech [1/m]
# name 11 = scan: Scan Count
# name 12 = timeS: Time, Elapsed [seconds]
# name 13 = sal00: Salinity, Practical [PSU]
# name 14 = sigma-t00: Density [sigma-t, kg/m^3 ]
# name 15 = sbeox0Mg/L: Oxygen, SBE 43 [mg/l], WS = 2
# name 16 = sbeox0PS: Oxygen, SBE 43 [% saturation], WS = 2
# name 17 = oxsatMg/L: Oxygen Saturation, Weiss [mg/l]
# name 18 = dz/dtM: Descent Rate [m/s], WS = 2
# name 19 = flag: flag
# span 0 =      0.863,     11.494       
# span 1 =      0.869,     11.576       
# span 2 =    16.3274,    21.7892       
# span 3 =    32.8418,    33.9409       
# span 4 =   4.226243,   4.763928       
# span 5 =     2.6325,     2.8205       
# span 6 =      8.128,      8.204       
# span 7 =     7.9198,    80.7708       
# span 8 =     0.5838,     9.6659       
# span 9 =     0.0879,     0.6777       
# span 10 =     0.8542,    10.1432      
# span 11 =          1,        360      
# span 12 =      0.000,     44.875      
# span 13 =    32.7739,    33.5320      
# span 14 =    23.0106,    24.3798      
# span 15 =     7.0804,     8.2877      
# span 16 =     95.997,    106.781      
# span 17 =    7.21427,    8.00058      
# span 18 =     -1.000,      0.919      
# span 19 = 0.0000e+00, 0.0000e+00      
# interval = seconds: 0.125
# start_time = Jul 29 2015 17:49:16 [System UTC, header]
# bad_flag = -9.990e-29
*END*
[from data line 218]
      8.329      8.388    20.7122    33.3526   4.655712     2.7595      8.185    79.0664     1.5052     0.1477     0.9395        219     27.250    33.3185    23.2915     7.6356    103.566    7.35783     -0.783 0.0000e+00
      8.230      8.289    20.6583    33.3683   4.650623     2.7595      8.186    79.0907     1.4300     0.1429     0.9383        220     27.375    33.3199    23.3070     7.6464    103.611    7.36505     -0.802 0.0000e+00
      8.130      8.187    20.5824    33.3487   4.644988     2.7582      8.186    79.0664     1.3924     0.1404     0.9395        221     27.500    33.3343    23.3382     7.6568    103.618    7.37471     -0.822 0.0000e+00
      8.027      8.084    20.5180    33.3167   4.641883     2.7558      8.173    79.0907     1.3548     0.1380     0.9383        222     27.625    33.3600    23.3748     7.6629    103.594    7.38233     -0.842 0.0000e+00
      7.922      7.978    20.5130    33.3057   4.642176     2.7558      8.186    79.1881     1.3548     0.1380     0.9334        223     27.750    33.3663    23.3810     7.6711    103.699    7.38273     -0.863 0.0000e+00
      7.814      7.869    20.5370    33.2959   4.643490     2.7546      8.191    79.1881     1.3360     0.1368     0.9334        224     27.875    33.3580    23.3683     7.6728    103.762    7.37983     -0.884 0.0000e+00
      7.703      7.758    20.5508    33.2708   4.645656     2.7546      8.191    79.1881     1.3172     0.1355     0.9334        225     28.000    33.3647    23.3697     7.6793    103.882    7.37767     -0.904 0.0000e+00
      7.590      7.644    20.5846    33.2512   4.650294     2.7546      8.191    79.1881     1.2984     0.1343     0.9334        226     28.125    33.3754    23.3689     7.6794    103.953    7.37262     -0.923 0.0000e+00
      7.473      7.527    20.6527    33.2536   4.656650     2.7570      8.190    79.1881     1.2420     0.1306     0.9334        227     28.250    33.3730    23.3489     7.6847    104.153    7.36351     -0.941 0.0000e+00
      7.354      7.407    20.7272    33.2722   4.662332     2.7595      8.190    79.1881     1.2232     0.1294     0.9334        228     28.375    33.3601    23.3192     7.6888    104.341    7.35401     -0.958 0.0000e+00
      7.232      7.284    20.7776    33.2887   4.665802     2.7631      8.190    79.4316     1.2796     0.1331     0.9211        229     28.500    33.3484    23.2968     7.6965    104.535    7.34772     -0.972 0.0000e+00
      7.107      7.158    20.7976    33.2923   4.667333     2.7656      8.190    79.4316     1.2232     0.1294     0.9211        230     28.625    33.3451    23.2889     7.7035    104.665    7.34518     -0.984 0.0000e+00
      6.980      7.030    20.8062    33.2898   4.668476     2.7680      8.190    79.4316     1.1856     0.1270     0.9211        231     28.750    33.3475    23.2885     7.7080    104.744    7.34391     -0.993 0.0000e+00
      6.853      6.901    20.8189    33.2918   4.670181     2.7704      8.194    79.4316     1.2044     0.1282     0.9211        232     28.875    33.3513    23.2879     7.7107    104.808    7.34205     -0.998 0.0000e+00
      6.725      6.773    20.8361    33.2964   4.672040     2.7729      8.194    79.4316     1.1856     0.1270     0.9211        233     29.000    33.3527    23.2844     7.7114    104.851    7.33967     -1.000 0.0000e+00
      6.597      6.644    20.8501    33.3027   4.673668     2.7729      8.194    79.4316     1.1668     0.1258     0.9211        234     29.125    33.3548    23.2823     7.7021    104.752    7.33770     -0.998 0.0000e+00
      6.469      6.515    20.8629    33.3121   4.674784     2.7741      8.194    79.4316     1.1103     0.1221     0.9211        235     29.250    33.3537    23.2780     7.6961    104.694    7.33603     -0.993 0.0000e+00
      6.343      6.388    20.8691    33.3114   4.675124     2.7741      8.194    79.8212     1.1103     0.1221     0.9015        236     29.375    33.3516    23.2748     7.6860    104.567    7.33529     -0.985 0.0000e+00
      6.219      6.263    20.8645    33.2974   4.675776     2.7704      8.194    79.8212     1.0539     0.1184     0.9015        237     29.500    33.3605    23.2827     7.6675    104.312    7.33552     -0.975 0.0000e+00
      6.098      6.141    20.8756    33.2835   4.677920     2.7717      8.194    79.8212     1.0539     0.1184     0.9015        238     29.625    33.3690    23.2862     7.6655    104.311    7.33367     -0.963 0.0000e+00
      5.979      6.021    20.9110    33.2736   4.681345     2.7704      8.194    79.8212     1.0351     0.1172     0.9015        239     29.750    33.3687    23.2765     7.6543    104.225    7.32893     -0.949 0.0000e+00
      5.862      5.904    20.9542    33.2726   4.685619     2.7704      8.194    79.8212     1.0351     0.1172     0.9015        240     29.875    33.3690    23.2651     7.6490    104.235    7.32313     -0.935 0.0000e+00
      5.748      5.788    21.0038    33.2825   4.689858     2.7704      8.193    79.8212     1.0351     0.1172     0.9015        241     30.000    33.3641    23.2480     7.6463    104.289    7.31672     -0.921 0.0000e+00
      5.636      5.676    21.0441    33.2903   4.692916     2.7692      8.179    79.7238     0.9787     0.1136     0.9064        242     30.125    33.3570    23.2317     7.6434    104.321    7.31164     -0.906 0.0000e+00
      5.526      5.565    21.0661    33.2922   4.694999     2.7692      8.193    80.2838     0.9787     0.1136     0.8784        243     30.250    33.3565    23.2254     7.6476    104.419    7.30873     -0.893 0.0000e+00
      5.417      5.456    21.0856    33.2948   4.696774     2.7668      8.193    80.2838     0.9599     0.1123     0.8784        244     30.375    33.3554    23.2193     7.6447    104.416    7.30618     -0.880 0.0000e+00
      5.309      5.347    21.1039    33.2976   4.698241     2.7704      8.193    80.2838     0.9223     0.1099     0.8784        245     30.500    33.3528    23.2124     7.6629    104.698    7.30385     -0.868 0.0000e+00
      5.203      5.240    21.1164    33.2964   4.699413     2.7704      8.193    80.2838     0.9223     0.1099     0.8784        246     30.625    33.3525    23.2087     7.6677    104.787    7.30220     -0.858 0.0000e+00
      5.098      5.135    21.1273    33.2855   4.700787     2.7729      8.193    80.2838     0.9035     0.1087     0.8784        247     30.750    33.3549    23.2077     7.6805    104.983    7.30065     -0.848 0.0000e+00
      4.994      5.030    21.1432    33.2613   4.703508     2.7753      8.193    80.2838     0.9035     0.1087     0.8784        248     30.875    33.3642    23.2104     7.6904    105.155    7.29814     -0.839 0.0000e+00
      4.891      4.926    21.1800    33.2423   4.708934     2.7790      8.184    80.5760     0.8283     0.1038     0.8639        249     31.000    33.3786    23.2114     7.7006    105.374    7.29263     -0.832 0.0000e+00
      4.789      4.823    21.2541    33.2518   4.716206     2.7814      8.193    80.6734     0.8471     0.1050     0.8590        250     31.125    33.3786    23.1913     7.7003    105.511    7.28281     -0.826 0.0000e+00
      4.687      4.721    21.3366    33.2772   4.722098     2.7839      8.192    80.6734     0.8471     0.1050     0.8590        251     31.250    33.3611    23.1556     7.6983    105.628    7.27264     -0.820 0.0000e+00
      4.586      4.619    21.3813    33.2930   4.725069     2.7851      8.192    80.6490     0.8283     0.1038     0.8603        252     31.375    33.3499    23.1349     7.6950    105.662    7.26722     -0.816 0.0000e+00
      4.486      4.518    21.3930    33.2992   4.726404     2.7875      8.197    80.6490     0.8283     0.1038     0.8603        253     31.500    33.3514    23.1328     7.6980    105.726    7.26561     -0.814 0.0000e+00
      4.387      4.419    21.4002    33.3090   4.727130     2.7900      8.197    80.6734     0.8283     0.1038     0.8590        254     31.625    33.3516    23.1310     7.7029    105.807    7.26465     -0.813 0.0000e+00
      4.288      4.319    21.4055    33.3202   4.726774     2.7900      8.196    80.6490     0.7907     0.1013     0.8603        255     31.750    33.3447    23.1243     7.6980    105.746    7.26425     -0.813 0.0000e+00
      4.189      4.219    21.3940    33.3209   4.725395     2.7912      8.197    80.7464     0.8095     0.1026     0.8554        256     31.875    33.3428    23.1260     7.6968    105.707    7.26585     -0.816 0.0000e+00
      4.090      4.119    21.3727    33.3109   4.724357     2.7924      8.197    80.7708     0.7907     0.1013     0.8542        257     32.000    33.3512    23.1381     7.6987    105.698    7.26830     -0.819 0.0000e+00
      3.990      4.019    21.3644    33.3003   4.724676     2.7924      8.197    80.7708     0.7719     0.1001     0.8542        258     32.125    33.3602    23.1473     7.6949    105.635    7.26901     -0.825 0.0000e+00
      3.890      3.917    21.3766    33.3000   4.726122     2.7936      8.197    80.7708     0.7719     0.1001     0.8542        259     32.250    33.3622    23.1454     7.6936    105.641    7.26732     -0.831 0.0000e+00
      3.787      3.814    21.3988    33.3101   4.727376     2.7936      8.197    80.7708     0.7531     0.0989     0.8542        260     32.375    33.3549    23.1338     7.6878    105.599    7.26470     -0.839 0.0000e+00
      3.683      3.709    21.4099    33.3165   4.727339     2.7961      8.196    80.7708     0.7531     0.0989     0.8542        261     32.500    33.3460    23.1241     7.6918    105.670    7.26362     -0.848 0.0000e+00
      3.577      3.602    21.4019    33.3114   4.726765     2.7973      8.197    80.7221     0.7343     0.0977     0.8566        262     32.625    33.3477    23.1275     7.6950    105.699    7.26460     -0.858 0.0000e+00
      3.470      3.494    21.3936    33.3042   4.727211     2.7973      8.197    80.6247     0.7343     0.0977     0.8615        263     32.750    33.3577    23.1374     7.6946    105.684    7.26527     -0.867 0.0000e+00
      3.361      3.385    21.4023    33.3043   4.728843     2.7936      8.197    80.6247     0.7531     0.0989     0.8615        264     32.875    33.3639    23.1397     7.6797    105.500    7.26386     -0.876 0.0000e+00
      3.251      3.274    21.4215    33.3139   4.730587     2.7973      8.196    80.6247     0.7531     0.0989     0.8615        265     33.000    33.3628    23.1337     7.6894    105.670    7.26138     -0.882 0.0000e+00
      3.139      3.162    21.4368    33.3241   4.731260     2.7961      8.192    80.6003     0.7343     0.0977     0.8627        266     33.125    33.3563    23.1245     7.6849    105.632    7.25964     -0.886 0.0000e+00
      3.027      3.048    21.4356    33.3190   4.730881     2.7973      8.196    80.6247     0.7531     0.0989     0.8615        267     33.250    33.3542    23.1233     7.6904    105.704    7.25988     -0.886 0.0000e+00
      2.912      2.933    21.4262    33.3021   4.731192     2.7973      8.197    80.6247     0.7531     0.0989     0.8615        268     33.375    33.3640    23.1333     7.6938    105.739    7.26070     -0.882 0.0000e+00
      2.797      2.817    21.4384    33.2938   4.733194     2.7973      8.183    80.5273     0.6591     0.0928     0.8663        269     33.500    33.3704    23.1349     7.6947    105.780    7.25883     -0.873 0.0000e+00
      2.682      2.701    21.4740    33.3018   4.735614     2.7985      8.196    80.5273     0.7343     0.0977     0.8663        270     33.625    33.3619    23.1187     7.6991    105.902    7.25450     -0.859 0.0000e+00
      2.569      2.588    21.5026    33.3157   4.736845     2.7985      8.196    80.5273     0.6967     0.0952     0.8663        271     33.750    33.3495    23.1014     7.7023    105.993    7.25127     -0.840 0.0000e+00
      2.460      2.478    21.5062    33.3206   4.736790     2.7998      8.191    80.5029     0.6967     0.0952     0.8675        272     33.875    33.3463    23.0980     7.7122    106.135    7.25094     -0.816 0.0000e+00
      2.355      2.372    21.4943    33.3157   4.736593     2.8010      8.196    80.5029     0.6967     0.0952     0.8675        273     34.000    33.3540    23.1071     7.7205    106.230    7.25217     -0.786 0.0000e+00
      2.255      2.271    21.4916    33.3154   4.736993     2.8034      8.196    80.5029     0.6779     0.0940     0.8675        274     34.125    33.3593    23.1119     7.7322    106.390    7.25230     -0.751 0.0000e+00
      2.161      2.176    21.5027    33.3234   4.737302     2.8046      8.196    80.5029     0.6779     0.0940     0.8675        275     34.250    33.3532    23.1042     7.7355    106.452    7.25111     -0.712 0.0000e+00
      2.073      2.087    21.5041    33.3306   4.736651     2.8071      8.191    80.5029     0.6591     0.0928     0.8675        276     34.375    33.3470    23.0991     7.7431    106.556    7.25118     -0.669 0.0000e+00
      1.991      2.005    21.4918    33.3333   4.735150     2.8095      8.196    80.4786     0.6591     0.0928     0.8687        277     34.500    33.3447    23.1007     7.7501    106.627    7.25290     -0.625 0.0000e+00
      1.915      1.928    21.4746    33.3307   4.733416     2.8120      8.196    80.5029     0.6779     0.0940     0.8675        278     34.625    33.3444    23.1052     7.7568    106.686    7.25517     -0.579 0.0000e+00
      1.846      1.859    21.4568    33.3235   4.732155     2.8156      8.196    80.5029     0.6779     0.0940     0.8675        279     34.750    33.3482    23.1130     7.7660    106.781    7.25735     -0.534 0.0000e+00
      1.785      1.798    21.4471    33.3156   4.731897     2.8168      8.196    80.5029     0.6591     0.0928     0.8675        280     34.875    33.3537    23.1198     7.7641    106.740    7.25839     -0.491 0.0000e+00
      1.731      1.743    21.4500    33.3122   4.732658     2.8181      8.196    80.5029     0.6779     0.0940     0.8675        281     35.000    33.3575    23.1219     7.7593    106.682    7.25785     -0.451 0.0000e+00
      1.682      1.694    21.4622    33.3119   4.733878     2.8181      8.196    80.5029     0.6591     0.0928     0.8675        282     35.125    33.3577    23.1187     7.7477    106.546    7.25623     -0.414 0.0000e+00
      1.639      1.650    21.4752    33.3097   4.735113     2.8168      8.196    80.6247     0.6215     0.0904     0.8615        283     35.250    33.3574    23.1149     7.7293    106.317    7.25454     -0.381 0.0000e+00
      1.599      1.611    21.4881    33.3090   4.736514     2.8156      8.196    80.6247     0.6403     0.0916     0.8615        284     35.375    33.3584    23.1122     7.7142    106.134    7.25280     -0.353 0.0000e+00
      1.563      1.574    21.5053    33.3147   4.737923     2.8144      8.196    80.6247     0.6403     0.0916     0.8615        285     35.500    33.3562    23.1058     7.6996    105.965    7.25063     -0.330 0.0000e+00
      1.529      1.539    21.5193    33.3239   4.738672     2.8144      8.201    80.6490     0.6403     0.0916     0.8603        286     35.625    33.3513    23.0982     7.6908    105.867    7.24900     -0.311 0.0000e+00
      1.495      1.506    21.5216    33.3312   4.738426     2.8132      8.196    80.6490     0.6403     0.0916     0.8603        287     35.750    33.3476    23.0947     7.6802    105.724    7.24886     -0.297 0.0000e+00
      1.463      1.473    21.5129    33.3292   4.737534     2.8120      8.196    80.6490     0.6779     0.0940     0.8603        288     35.875    33.3473    23.0969     7.6734    105.614    7.25001     -0.287 0.0000e+00
      1.431      1.441    21.4997    33.3174   4.737092     2.8095      8.201    80.5516     0.6967     0.0952     0.8651        289     36.000    33.3541    23.1057     7.6639    105.461    7.25146     -0.281 0.0000e+00
