Data/Test_Data/i19.cnv
* Sea-Bird SBE 25 Data File:
* FileName = C:\wq\Unit#4\I19.hex
* Software Version Seasave V 7.23.2
* Temperature SN = 1180
* Conductivity SN = 1027
* System UpLoad Time = Jul 29 2015 10:49:16
* Real-Time Sample Interval = 0.1250 seconds
* System UTC = Jul 29 2015 17:49:16
# nquan = 20                                
# nvalues = 360                         
# units = specified
# name 0 = depSM: Depth [salt water, m], lat = 33.00
# name 1 = prSM: Pressure, Strain Gauge [db]
# name 2 = t090C: Temperature [ITS-90, deg C]
# name 3 = sal00: Salinity, Practical [PSU]
# name 4 = c0S/m: Conductivity [S/m]
# name 5 = sbeox0V: Oxygen raw, SBE 43 [V]
# name 6 = ph: pH
# name 7 = xmiss: Beam Transmission, Chelsea/Seatech [%]
# name 8 = wetStar: Fluorescence, WET Labs WETstar [mg/m^3]
# name 9 = v4: Voltage 4
# name 10 = bat: Beam Attenuation, Chelsea/Seatech [1/m]
# name 11 = scan: Scan Count
# name 12 = timeS: Time, Elapsed [seconds]
# name 13 = sal00: Salinity, Practical [PSU]
# name 14 = sigma-t00: Density [sigma-t, kg/m^3 ]
# name 15 = sbeox0Mg/L: Oxygen, SBE 43 [mg/l], WS = 2
# name 16 = sbeox0PS: Oxygen, SBE 43 [% saturation], WS = 2
# name 17 = oxsatMg/L: Oxygen Saturation, Weiss [mg/l]
# name 18 = dz/dtM: Descent Rate [m/s], WS = 2
# name 19 = flag: flag
# span 0 =      0.863,     11.494       
# span 1 =      0.869,     11.576       
# span 2 =    16.3274,    21.7892       
# span 3 =    32.8418,    33.9409       
# span 4 =   4.226243,   4.763928       
# span 5 =     2.6325,     2.8205       
# span 6 =      8.128,      8.204       
# span 7 =     7.9198,    80.7708       
# span 8 =     0.5838,     9.6659       
# span 9 =     0.0879,     0.6777       
# span 10 =     0.8542,    10.1432      
# span 11 =          1,        360      
# span 12 =      0.000,     44.875      
# span 13 =    32.7739,    33.5320      
# span 14 =    23.0106,    24.3798      
# span 15 =     7.0804,     8.2877      
# span 16 =     95.997,    106.781      
# span 17 =    7.21427,    8.00058      
# span 18 =     -1.000,      0.919      
# span 19 = 0.0000e+00, 0.0000e+00      
# interval = seconds: 0.125
# start_time = Jul 29 2015 17:49:16 [System UTC, header]
# bad_flag = -9.990e-29
*END*
[from data line 145]
     10.461     10.536    20.2213    33.7246   4.578947     2.6422      8.196    79.4316     2.6522     0.2222     0.9211        146     18.125    33.0843    23.2433     7.1949     96.585    7.43491      0.874 0.0000e+00
     10.580     10.655    19.8587    33.9138   4.520761     2.6386      8.198    79.4316     2.9719     0.2430     0.9211        147     18.250    32.8961    23.1945     7.2687     96.819    7.49343      0.855 0.0000e+00
     10.696     10.772    19.1943    33.9409   4.442177     2.6374      8.176    79.2125     3.1975     0.2576     0.9321        148     18.375    32.7739    23.2715     7.3889     97.144    7.59272      0.828 0.0000e+00
     10.808     10.885    18.2823    33.8072   4.369246     2.6349      8.196    79.0664     3.5924     0.2833     0.9395        149     18.500    32.8909    23.5884     7.5286     97.368    7.71982      0.794 0.0000e+00
     10.914     10.992    17.5323    33.6904   4.320252     2.6325      8.190    79.0664     3.9121     0.3040     0.9395        150     18.625    33.0813    23.9160     7.6451     97.586    7.82300      0.752 0.0000e+00
     11.014     11.092    17.1077    33.6410   4.288796     2.6325      8.177    79.0420     4.2881     0.3284     0.9408        151     18.750    33.1585    24.0759     7.7291     97.902    7.88407      0.703 0.0000e+00
     11.105     11.184    16.8285    33.6027   4.265235     2.6337      8.168    79.0664     4.7018     0.3553     0.9395        152     18.875    33.1844    24.1613     7.7937     98.205    7.92592      0.648 0.0000e+00
     11.186     11.265    16.5941    33.5543   4.248622     2.6361      8.160    79.0664     4.9462     0.3712     0.9395        153     19.000    33.2338    24.2536     7.8538     98.543    7.96005      0.587 0.0000e+00
     11.251     11.331    16.4325    33.5068   4.238981     2.6398      8.156    79.0420     5.1907     0.3871     0.9408        154     19.125    33.2839    24.3293     7.9034     98.884    7.98297      0.523 0.0000e+00
     11.306     11.387    16.3590    33.4657   4.234146     2.6422      8.147    72.8818     5.5103     0.4078     1.2653        155     19.250    33.3028    24.3607     7.9291     99.075    7.99363      0.457 0.0000e+00
     11.357     11.438    16.3405    33.4293   4.232554     2.6459      8.142    72.7844     5.6984     0.4200     1.2707        156     19.375    33.3042    24.3660     7.9517     99.323    7.99648      0.392 0.0000e+00
     11.403     11.484    16.3502    33.3914   4.233863     2.6471      8.133    72.7601     5.8488     0.4298     1.2720        157     19.500    33.3076    24.3664     7.9586     99.430    7.99478      0.329 0.0000e+00
     11.438     11.519    16.3849    33.3552   4.238243     2.6496      8.133    72.7844     6.0368     0.4420     1.2707        158     19.625    33.3171    24.3657     7.9618     99.543    7.98886      0.269 -9.990e-29
     11.463     11.545    16.4549    33.3433   4.245332     2.6508      8.128    72.7601     5.9992     0.4396     1.2720        159     19.750    33.3208    24.3525     7.9506     99.540    7.97767      0.215 -9.990e-29
     11.479     11.561    16.5501    33.3720   4.252454     2.6532      8.132    72.7601     6.0932     0.4457     1.2720        160     19.875    33.3038    24.3175     7.9384     99.562    7.96356      0.166 -9.990e-29
     11.488     11.570    16.6252    33.4079   4.255323     2.6544      8.131    72.7601     6.1121     0.4469     1.2720        161     20.000    33.2664    24.2715     7.9237     99.500    7.95362      0.124 -9.990e-29
     11.492     11.574    16.6314    33.3824   4.254186     2.6544      8.131    58.4675     6.2061     0.4530     2.1468        162     20.125    33.2513    24.2584     7.9113     99.347    7.95338      0.088 -9.990e-29
     11.494     11.576    16.5966    33.2657   4.257408     2.6508      8.132    58.4431     6.2813     0.4579     2.1485        163     20.250    33.3084    24.3103     7.8922     99.074    7.95607      0.057 -9.990e-29
     11.494     11.576    16.6471    33.1389   4.274319     2.6557      8.137    58.4431     6.3189     0.4603     2.1485        164     20.375    33.4141    24.3798     7.8886     99.191    7.94310      0.032 -9.990e-29
     11.492     11.574    16.9037    33.1529   4.302130     2.6569      8.141    58.4431     6.3941     0.4652     2.1485        165     20.500    33.4426    24.3418     7.8441     99.140    7.90195      0.012 -9.990e-29
     11.489     11.571    17.2773    33.3294   4.323109     2.6569      8.142    58.4431     6.4693     0.4701     2.1485        166     20.625    33.3147    24.1556     7.7855     99.032    7.85072     -0.003 -9.990e-29
     11.485     11.567    17.4639    33.4971   4.322343     2.6569      8.141    58.4431     6.6385     0.4811     2.1485        167     20.750    33.1549    23.9887     7.7578     98.938    7.82990     -0.013 -9.990e-29
     11.481     11.562    17.3195    33.5135   4.305262     2.6569      8.133    58.3457     6.8454     0.4945     2.1551        168     20.875    33.1264    24.0013     7.7732     98.844    7.85319     -0.020 -9.990e-29
     11.477     11.559    17.0485    33.4472   4.289332     2.6557      8.150    62.4119     7.1462     0.5140     1.8857        169     21.000    33.2117    24.1307     7.7992     98.709    7.89064     -0.025 -9.990e-29
     11.474     11.555    16.9051    33.4150   4.282031     2.6520      8.154    62.4119     7.5223     0.5385     1.8857        170     21.125    33.2669    24.2067     7.8012     98.494    7.91012     -0.030 -9.990e-29
     11.471     11.552    16.8716    33.4146   4.278319     2.6544      8.159    62.4119     7.9360     0.5653     1.8857        171     21.250    33.2623    24.2110     7.8136     98.584    7.91552     -0.034 -9.990e-29
     11.468     11.549    16.8378    33.4186   4.273393     2.6532      8.164    62.4119     8.2180     0.5836     1.8857        172     21.375    33.2475    24.2075     7.8117     98.488    7.92146     -0.038 -9.990e-29
     11.464     11.545    16.7955    33.4310   4.265688     2.6508      8.164    62.4119     8.5377     0.6044     1.8857        173     21.500    33.2155    24.1929     7.8139     98.415    7.92955     -0.044 -9.990e-29
     11.460     11.541    16.7288    33.4408   4.255201     2.6496      8.164    62.4119     8.8009     0.6215     1.8857        174     21.625    33.1794    24.1807     7.8276     98.440    7.94165     -0.053 -9.990e-29
     11.456     11.537    16.6139    33.4308   4.244310     2.6483      8.155    55.3265     8.9890     0.6337     2.3677        175     21.750    33.1796    24.2074     7.8499     98.500    7.95957     -0.065 -9.990e-29
     11.450     11.531    16.4896    33.4091   4.235997     2.6471      8.165    53.9630     9.3086     0.6545     2.4675        176     21.875    33.2101    24.2595     7.8765     98.613    7.97757     -0.082 -9.990e-29
     11.443     11.524    16.4066    33.3908   4.231057     2.6459      8.170    53.9873     9.5531     0.6703     2.4657        177     22.000    33.2359    24.2984     7.9015     98.782    7.98937     -0.104 -9.990e-29
     11.434     11.515    16.3649    33.3789   4.228394     2.6471      8.166    53.9873     9.5907     0.6728     2.4657        178     22.125    33.2473    24.3167     7.9335     99.108    7.99539     -0.132 -9.990e-29
     11.423     11.504    16.3450    33.3714   4.226991     2.6483      8.170    53.9630     9.6659     0.6777     2.4675        179     22.250    33.2515    24.3246     7.9620     99.428    7.99832     -0.167 -9.990e-29
     11.408     11.489    16.3351    33.3676   4.226371     2.6496      8.170    53.9873     9.6283     0.6752     2.4657        180     22.375    33.2544    24.3290     7.9944     99.815    7.99975     -0.207 -9.990e-29
     11.389     11.470    16.3299    33.3647   4.226243     2.6520      8.170    53.9873     9.4967     0.6667     2.4657        181     22.500    33.2576    24.3326     8.0304    100.257    8.00041     -0.252 -9.990e-29
     11.362     11.443    16.3274    33.3538   4.226533     2.6544      8.170    48.7767     9.3838     0.6593     2.8717        182     22.625    33.2622    24.3368     8.0624    100.654    8.00058     -0.303 -9.990e-29
     11.326     11.407    16.3296    33.3288   4.227885     2.6581      8.170    48.7524     9.1582     0.6447     2.8737        183     22.750    33.2723    24.3440     8.1009    101.146    7.99975     -0.356 0.0000e+00
     11.281     11.361    16.3519    33.3094   4.231263     2.6630      8.170    48.7524     8.9702     0.6325     2.8737        184     22.875    33.2834    24.3474     8.1381    101.661    7.99569     -0.412 0.0000e+00
     11.226     11.306    16.4073    33.3106   4.235782     2.6691      8.170    48.7524     8.6317     0.6105     2.8737        185     23.000    33.2769    24.3297     8.1728    102.201    7.98728     -0.467 0.0000e+00
     11.160     11.240    16.4636    33.3057   4.239794     2.6764      8.170    48.7524     8.2932     0.5885     2.8737        186     23.125    33.2651    24.3078     8.2081    102.747    7.97899     -0.522 0.0000e+00
     11.086     11.165    16.4960    33.2805   4.244614     2.6825      8.175    48.7524     7.8044     0.5568     2.8737        187     23.250    33.2804    24.3120     8.2390    103.208    7.97317     -0.574 0.0000e+00
     11.005     11.083    16.5476    33.2573   4.252360     2.6899      8.179    48.7037     7.3907     0.5299     2.8777        188     23.375    33.3053    24.3192     8.2659    103.665    7.96388     -0.622 0.0000e+00
     10.916     10.994    16.6431    33.2430   4.262310     2.6960      8.179    43.5905     7.1086     0.5116     3.3213        189     23.500    33.3128    24.3029     8.2761    103.991    7.94860     -0.664 0.0000e+00
     10.822     10.899    16.7554    33.2253   4.273150     2.6996      8.183    43.5661     6.7138     0.4860     3.3236        190     23.625    33.3140    24.2778     8.2713    104.157    7.93106     -0.699 0.0000e+00
     10.725     10.801    16.8743    33.1883   4.285341     2.7106      8.182    43.5905     6.3753     0.4640     3.3213        191     23.750    33.3214    24.2557     8.2877    104.609    7.91228     -0.727 0.0000e+00
     10.626     10.701    17.0103    33.1121   4.301887     2.7167      8.187    43.5905     6.0556     0.4432     3.3213        192     23.875    33.3523    24.2475     8.2777    104.777    7.88982     -0.746 0.0000e+00
     10.526     10.601    17.1976    33.0304   4.327081     2.7240      8.186    43.5661     5.7360     0.4225     3.3236        193     24.000    33.4151    24.2515     8.2598    104.968    7.85813     -0.757 0.0000e+00
     10.425     10.500    17.5061    33.0157   4.359255     2.7302      8.180    43.5661     5.3599     0.3980     3.3236        194     24.125    33.4371    24.1949     8.2171    105.060    7.81024     -0.761 0.0000e+00
     10.325     10.398    17.8932    33.0281   4.390348     2.7363      8.164    43.4687     4.8522     0.3651     3.3325        195     24.250    33.3847    24.0613     8.1636    105.116    7.75463     -0.758 0.0000e+00
     10.225     10.298    18.2041    32.9519   4.420350     2.7399      8.177    55.4239     4.7394     0.3578     2.3606        196     24.375    33.3852    23.9857     8.1114    105.061    7.70855     -0.750 0.0000e+00
     10.128     10.200    18.4865    32.8423   4.460327     2.7436      8.177    55.4239     4.3633     0.3333     2.3606        197     24.500    33.4921    23.9977     8.0596    105.015    7.66226     -0.738 0.0000e+00
     10.034     10.106    18.9596    32.8418   4.511025     2.7485      8.175    55.4239     4.1001     0.3162     2.3606        198     24.625    33.5320    23.9097     7.9860    105.009    7.59209     -0.722 0.0000e+00
      9.944     10.015    19.5496    32.9219   4.558348     2.7521      8.170    55.4239     3.7616     0.2943     2.3606        199     24.750    33.4485    23.6955     7.8944    104.896    7.51217     -0.705 0.0000e+00
      9.859      9.929    20.0028    33.0043   4.594322     2.7546      8.174    55.4239     3.4796     0.2759     2.3606        200     24.875    33.3815    23.5269     7.8239    104.791    7.45199     -0.687 0.0000e+00
      9.777      9.847    20.3088    33.0826   4.620173     2.7582      8.168    55.4239     3.2163     0.2589     2.3606        201     25.000    33.3491    23.4219     7.7787    104.753    7.41132     -0.669 0.0000e+00
      9.699      9.768    20.5194    33.1487   4.637199     2.7595      8.167    73.2471     3.0283     0.2466     1.2453        202     25.125    33.3206    23.3445     7.7422    104.645    7.38385     -0.653 0.0000e+00
      9.622      9.690    20.6369    33.1927   4.647162     2.7595      8.172    74.1236     2.8403     0.2344     1.1977        203     25.250    33.3085    23.3040     7.7146    104.488    7.36844     -0.638 0.0000e+00
      9.546      9.615    20.6968    33.2166   4.652862     2.7619      8.171    74.1236     2.7274     0.2271     1.1977        204     25.375    33.3073    23.2871     7.7040    104.457    7.36040     -0.627 0.0000e+00
      9.473      9.541    20.7274    33.2283   4.656609     2.7631      8.171    74.1236     2.5206     0.2137     1.1977        205     25.500    33.3134    23.2836     7.6936    104.378    7.35600     -0.619 0.0000e+00
      9.402      9.469    20.7513    33.2369   4.659573     2.7643      8.176    74.1236     2.3514     0.2027     1.1977        206     25.625    33.3184    23.2810     7.6851    104.311    7.35256     -0.615 0.0000e+00
      9.330      9.396    20.7743    33.2473   4.661940     2.7631      8.171    74.1236     2.1821     0.1917     1.1977        207     25.750    33.3194    23.2756     7.6707    104.160    7.34942     -0.614 0.0000e+00
      9.257      9.323    20.7914    33.2601   4.663606     2.7631      8.176    74.1480     2.1069     0.1868     1.1964        208     25.875    33.3194    23.2710     7.6620    104.074    7.34712     -0.618 0.0000e+00
      9.183      9.248    20.7986    33.2724   4.664413     2.7631      8.176    77.7029     2.0129     0.1807     1.0091        209     26.000    33.3202    23.2697     7.6534    103.971    7.34611     -0.624 0.0000e+00
      9.107      9.172    20.7956    33.2803   4.664358     2.7643      8.176    77.7029     1.9001     0.1734     1.0091        210     26.125    33.3221    23.2720     7.6541    103.976    7.34643     -0.633 0.0000e+00
      9.030      9.094    20.7866    33.2809   4.663802     2.7631      8.176    77.7029     1.8061     0.1673     1.0091        211     26.250    33.3248    23.2764     7.6481    103.880    7.34753     -0.645 0.0000e+00
      8.950      9.014    20.7767    33.2781   4.663491     2.7619      8.176    77.7029     1.7309     0.1624     1.0091        212     26.375    33.3301    23.2831     7.6422    103.784    7.34864     -0.658 0.0000e+00
      8.868      8.931    20.7750    33.2789   4.663827     2.7619      8.181    77.7029     1.6744     0.1587     1.0091        213     26.500    33.3341    23.2866     7.6401    103.755    7.34869     -0.674 0.0000e+00
      8.784      8.847    20.7795    33.2815   4.664342     2.7619      8.180    77.7029     1.6368     0.1563     1.0091        214     26.625    33.3347    23.2859     7.6370    103.721    7.34806     -0.690 0.0000e+00
      8.697      8.759    20.7822    33.2866   4.664659     2.7619      8.171    77.6298     1.5992     0.1538     1.0129        215     26.750    33.3352    23.2855     7.6355    103.706    7.34768     -0.708 0.0000e+00
      8.608      8.669    20.7852    33.2990   4.664334     2.7607      8.185    79.0664     1.5616     0.1514     0.9395        216     26.875    33.3303    23.2810     7.6292    103.623    7.34748     -0.726 0.0000e+00
      8.517      8.578    20.7793    33.3134   4.662587     2.7570      8.185    79.0664     1.5240     0.1490     0.9395        217     27.000    33.3209    23.2755     7.6164    103.433    7.34868     -0.744 0.0000e+00
